# exit_ID: [dest_x, dest_y, dest_map, refreshparentmap, enterlowZlevel, displaylocationname, facing, unknown]
0: [8, 12, 14, 1, 0, 1, 0, 0]. [30, 6, 14, 10, 8, 12]
1: [8, 12, 14, 1, 0, 1, 0, 0]. [54, 85, 14, 10, 8, 12]
2: [8, 12, 14, 1, 0, 1, 0, 0]. [125, 150, 14, 10, 8, 12]
3: [8, 12, 14, 1, 0, 1, 0, 0]. [77, 235, 14, 10, 8, 12]
4: [38, 61, 20, 1, 0, 1, 0, 0]. [84, 33, 20, 10, 38, 61]
5: [10, 54, 71, 1, 0, 0, 0, 0]. [73, 93, 71, 2, 10, 54]
6: [1, 28, 75, 1, 0, 1, 1, 0]. [86, 111, 75, 26, 1, 28]
7: [1, 28, 75, 1, 0, 1, 1, 0]. [85, 112, 75, 26, 1, 28]
8: [1, 28, 75, 1, 0, 1, 1, 0]. [86, 112, 75, 26, 1, 28]
9: [1, 28, 75, 1, 0, 1, 1, 0]. [85, 113, 75, 26, 1, 28]
10: [7, 14, 93, 1, 0, 0, 0, 0]. [90, 99, 93, 2, 7, 14]
11: [14, 35, 95, 1, 0, 1, 0, 0]. [102, 100, 95, 10, 14, 35]
12: [10, 55, 101, 1, 0, 1, 0, 0]. [98, 92, 101, 10, 10, 55]
13: [11, 55, 108, 1, 0, 0, 0, 0]. [104, 64, 108, 2, 11, 55]
14: [7, 13, 115, 1, 0, 0, 0, 0]. [165, 35, 115, 2, 7, 13]
15: [9, 13, 166, 0, 0, 0, 0, 0]. [185, 93, 166, 0, 9, 13]
16: [1, 35, 169, 1, 0, 1, 1, 0]. [117, 61, 169, 26, 1, 35]
17: [1, 35, 169, 1, 0, 1, 1, 0]. [118, 61, 169, 26, 1, 35]
18: [33, 61, 285, 1, 0, 1, 0, 0]. [156, 84, 29, 11, 33, 61]
19: [33, 61, 285, 1, 0, 1, 0, 0]. [157, 84, 29, 11, 33, 61]
20: [1, 9, 132, 1, 0, 1, 1, 0]. [178, 82, 132, 26, 1, 9]
21: [11, 8, 134, 1, 0, 1, 2, 0]. [177, 92, 134, 42, 11, 8]
22: [11, 8, 134, 1, 0, 1, 2, 0]. [178, 92, 134, 42, 11, 8]
23: [12, 25, 167, 1, 0, 0, 0, 0]. [214, 148, 167, 2, 12, 25]
24: [23, 29, 188, 1, 0, 1, 0, 0]. [26, 39, 188, 10, 23, 29]
25: [23, 29, 188, 1, 0, 1, 0, 0]. [27, 39, 188, 10, 23, 29]
26: [18, 40, 157, 1, 0, 1, 0, 0]. [220, 115, 157, 10, 18, 40]
27: [7, 13, 185, 1, 0, 0, 0, 0]. [33, 9, 185, 2, 7, 13]
28: [15, 61, 198, 1, 0, 1, 0, 0]. [27, 130, 198, 10, 15, 61]
29: [15, 61, 198, 1, 0, 1, 0, 0]. [26, 131, 198, 10, 15, 61]
30: [15, 61, 198, 1, 0, 1, 0, 0]. [28, 131, 198, 10, 15, 61]
31: [11, 29, 284, 1, 0, 1, 0, 0]. [66, 226, 28, 11, 11, 29]
32: [11, 29, 284, 1, 0, 1, 0, 0]. [66, 227, 28, 11, 11, 29]
33: [23, 29, 306, 1, 0, 1, 0, 0]. [119, 149, 50, 11, 23, 29]
34: [23, 29, 306, 1, 0, 1, 0, 0]. [120, 149, 50, 11, 23, 29]
35: [2, 17, 323, 1, 0, 1, 1, 0]. [138, 203, 67, 27, 2, 17]
36: [2, 17, 323, 1, 0, 1, 1, 0]. [139, 203, 67, 27, 2, 17]
37: [61, 44, 221, 1, 0, 1, 3, 0]. [21, 92, 221, 58, 61, 44]
38: [61, 44, 221, 1, 0, 1, 3, 0]. [22, 92, 221, 58, 61, 44]
39: [61, 44, 221, 1, 0, 1, 3, 0]. [22, 93, 221, 58, 61, 44]
40: [60, 51, 237, 1, 0, 1, 0, 0]. [45, 154, 237, 10, 60, 51]
41: [30, 13, 377, 1, 0, 1, 3, 0]. [166, 194, 121, 59, 30, 13]
42: [6, 17, 377, 1, 0, 1, 1, 0]. [165, 194, 121, 27, 6, 17]
43: [25, 37, 382, 1, 0, 1, 0, 0]. [169, 194, 126, 11, 25, 37]
44: [55, 31, 375, 1, 0, 0, 0, 0]. [229, 130, 119, 3, 55, 31]
45: [8, 12, 16, 1, 0, 1, 0, 0]. [229, 156, 16, 10, 8, 12]
46: [8, 12, 16, 1, 0, 1, 0, 0]. [112, 165, 16, 10, 8, 12]
47: [8, 12, 16, 1, 0, 1, 0, 0]. [62, 39, 16, 10, 8, 12]
48: [8, 12, 396, 1, 0, 0, 0, 0]. [76, 240, 140, 3, 8, 12]
49: [2, 17, 324, 1, 0, 1, 1, 0]. [140, 209, 68, 27, 2, 17]
50: [2, 17, 324, 1, 0, 1, 1, 0]. [141, 209, 68, 27, 2, 17]
51: [23, 29, 305, 1, 0, 1, 0, 0]. [130, 179, 49, 11, 23, 29]
52: [31, 18, 158, 1, 0, 1, 3, 0]. [237, 135, 158, 58, 31, 18]
53: [8, 12, 297, 1, 0, 0, 0, 0]. [25, 52, 41, 3, 8, 12]
54: [1, 35, 169, 1, 0, 1, 1, 0]. [146, 76, 169, 26, 1, 35]
55: [1, 35, 169, 1, 0, 1, 1, 0]. [147, 76, 169, 26, 1, 35]
56: [23, 15, 413, 1, 0, 1, 0, 0]. [50, 17, 157, 11, 23, 15]
57: [16, 42, 68, 1, 0, 0, 0, 0]. [106, 98, 68, 2, 16, 42]
58: [1, 28, 74, 1, 0, 1, 1, 0]. [113, 95, 74, 26, 1, 28]
59: [23, 29, 189, 1, 0, 1, 0, 0]. [38, 45, 189, 10, 23, 29]
60: [23, 29, 189, 1, 0, 1, 0, 0]. [39, 45, 189, 10, 23, 29]
61: [33, 61, 353, 1, 0, 1, 0, 0]. [207, 89, 97, 11, 33, 61]
62: [60, 51, 237, 1, 0, 1, 0, 0]. [31, 183, 237, 10, 60, 51]
63: [11, 29, 284, 1, 0, 1, 0, 0]. [69, 184, 28, 11, 11, 29]
64: [11, 29, 284, 1, 0, 1, 0, 0]. [70, 184, 28, 11, 11, 29]
65: [1, 35, 169, 1, 0, 1, 1, 0]. [146, 76, 169, 26, 1, 35]
66: [1, 35, 169, 1, 0, 1, 1, 0]. [147, 76, 169, 26, 1, 35]
67: [38, 61, 32, 1, 0, 1, 0, 0]. [115, 33, 32, 10, 38, 61]
68: [7, 13, 131, 1, 0, 0, 0, 0]. [178, 45, 131, 2, 7, 13]
69: [8, 13, 362, 1, 0, 0, 0, 0]. [160, 126, 106, 3, 8, 13]
70: [61, 44, 221, 1, 0, 1, 3, 0]. [43, 130, 221, 58, 61, 44]
71: [61, 44, 221, 1, 0, 1, 3, 0]. [43, 131, 221, 58, 61, 44]
72: [61, 44, 221, 1, 0, 1, 3, 0]. [44, 130, 221, 58, 61, 44]
73: [15, 61, 198, 1, 0, 1, 0, 0]. [34, 156, 198, 10, 15, 61]
74: [15, 61, 198, 1, 0, 1, 0, 0]. [35, 156, 198, 10, 15, 61]
75: [23, 46, 344, 1, 0, 1, 0, 0]. [251, 230, 88, 11, 23, 46]
76: [33, 61, 285, 1, 0, 1, 0, 0]. [171, 75, 29, 11, 33, 61]
77: [33, 61, 285, 1, 0, 1, 0, 0]. [172, 75, 29, 11, 33, 61]
78: [7, 23, 405, 1, 0, 0, 0, 0]. [249, 223, 149, 3, 7, 23]
79: [7, 13, 127, 1, 0, 0, 0, 0]. [140, 20, 127, 2, 7, 13]
80: [44, 15, 175, 0, 0, 0, 0, 0]. [167, 18, 175, 0, 44, 15]
81: [40, 11, 7, 0, 0, 0, 0, 0]. [20, 6, 7, 0, 40, 11]
82: [19, 6, 6, 0, 0, 0, 3, 0]. [40, 10, 6, 48, 19, 6]
83: [50, 51, 7, 0, 0, 0, 2, 0]. [40, 18, 7, 32, 50, 51]
84: [40, 17, 7, 0, 0, 0, 0, 0]. [50, 50, 7, 0, 40, 17]
85: [10, 30, 7, 0, 0, 0, 2, 0]. [50, 62, 7, 32, 10, 30]
86: [50, 61, 7, 0, 0, 0, 0, 0]. [10, 29, 7, 0, 50, 61]
87: [57, 14, 7, 0, 0, 0, 0, 0]. [43, 55, 7, 0, 57, 14]
88: [43, 56, 7, 0, 0, 0, 2, 0]. [57, 15, 7, 32, 43, 56]
89: [109, 41, 8, 0, 0, 0, 2, 0]. [50, 9, 8, 32, 109, 41]
90: [50, 8, 7, 0, 0, 0, 0, 0]. [109, 40, 7, 0, 50, 8]
91: [17, 44, 12, 0, 0, 0, 0, 0]. [24, 8, 12, 0, 17, 44]
92: [23, 8, 11, 0, 0, 0, 3, 0]. [17, 43, 11, 48, 23, 8]
93: [36, 37, 12, 0, 0, 0, 0, 0]. [23, 44, 12, 0, 36, 37]
94: [23, 45, 12, 0, 0, 0, 2, 0]. [36, 38, 12, 32, 23, 45]
95: [50, 27, 12, 0, 0, 0, 0, 0]. [8, 53, 12, 0, 50, 27]
96: [8, 52, 12, 0, 0, 0, 0, 0]. [50, 26, 12, 0, 8, 52]
97: [8, 45, 28, 0, 0, 1, 0, 0]. [41, 36, 28, 8, 8, 45]
98: [79, 17, 30, 0, 0, 0, 0, 0]. [52, 37, 30, 0, 79, 17]
99: [25, 13, 24, 0, 0, 1, 0, 0]. [32, 30, 24, 8, 25, 13]
100: [64, 13, 27, 0, 0, 1, 0, 0]. [29, 25, 27, 8, 64, 13]
101: [110, 25, 30, 0, 0, 1, 0, 0]. [18, 22, 30, 8, 110, 25]
102: [80, 35, 30, 0, 0, 0, 0, 0]. [32, 16, 30, 0, 80, 35]
103: [44, 13, 26, 0, 0, 1, 0, 0]. [41, 22, 26, 8, 44, 13]
104: [6, 14, 25, 0, 0, 1, 0, 0]. [43, 11, 25, 8, 6, 14]
105: [11, 11, 25, 0, 0, 1, 0, 0]. [46, 10, 25, 8, 11, 11]
106: [55, 34, 30, 0, 0, 0, 0, 0]. [49, 12, 30, 0, 55, 34]
107: [67, 28, 30, 0, 0, 0, 2, 0]. [53, 9, 30, 32, 67, 28]
108: [7, 33, 41, 0, 0, 0, 0, 0]. [15, 56, 41, 0, 7, 33]
109: [20, 9, 41, 0, 0, 0, 3, 0]. [22, 44, 41, 48, 20, 9]
110: [87, 31, 48, 0, 0, 0, 0, 0]. [10, 36, 48, 0, 87, 31]
111: [78, 58, 50, 0, 0, 0, 3, 0]. [26, 8, 50, 48, 78, 58]
112: [108, 52, 104, 0, 0, 1, 0, 0]. [33, 54, 104, 8, 108, 52]
113: [19, 51, 41, 0, 0, 0, 1, 0]. [37, 25, 41, 16, 19, 51]
114: [108, 12, 41, 0, 0, 0, 1, 0]. [24, 10, 41, 16, 108, 12]
115: [116, 12, 41, 0, 0, 0, 3, 0]. [31, 10, 41, 48, 116, 12]
116: [32, 32, 20, 0, 0, 0, 2, 0]. [25, 14, 20, 32, 32, 32]
117: [46, 47, 24, 0, 0, 0, 2, 0]. [31, 13, 24, 32, 46, 47]
118: [31, 12, 24, 0, 0, 0, 0, 0]. [46, 45, 24, 0, 31, 12]
119: [43, 13, 20, 0, 0, 0, 2, 0]. [6, 15, 20, 32, 43, 13]
120: [46, 12, 20, 0, 0, 0, 2, 0]. [11, 12, 20, 32, 46, 12]
121: [41, 24, 20, 0, 0, 0, 2, 0]. [44, 14, 20, 32, 41, 24]
122: [29, 27, 20, 0, 0, 0, 2, 0]. [64, 14, 20, 32, 29, 27]
123: [41, 38, 20, 0, 0, 0, 2, 0]. [8, 46, 20, 32, 41, 38]
124: [49, 14, 20, 0, 0, 0, 2, 0]. [55, 35, 20, 32, 49, 14]
125: [53, 8, 20, 0, 0, 0, 0, 0]. [67, 26, 20, 0, 53, 8]
126: [18, 24, 20, 0, 0, 0, 2, 0]. [110, 26, 20, 32, 18, 24]
127: [32, 18, 20, 0, 0, 0, 2, 0]. [80, 36, 20, 32, 32, 18]
128: [52, 39, 20, 0, 0, 0, 2, 0]. [79, 18, 20, 32, 52, 39]
129: [8, 45, 28, 0, 0, 1, 0, 0]. [41, 36, 28, 8, 8, 45]
130: [79, 17, 30, 0, 0, 0, 0, 0]. [52, 37, 30, 0, 79, 17]
131: [25, 13, 24, 0, 0, 1, 0, 0]. [32, 30, 24, 8, 25, 13]
132: [64, 13, 27, 0, 0, 1, 0, 0]. [29, 25, 27, 8, 64, 13]
133: [110, 25, 30, 0, 0, 1, 0, 0]. [18, 22, 30, 8, 110, 25]
134: [80, 35, 30, 0, 0, 0, 0, 0]. [32, 16, 30, 0, 80, 35]
135: [44, 13, 26, 0, 0, 1, 0, 0]. [41, 22, 26, 8, 44, 13]
136: [6, 14, 25, 0, 0, 1, 0, 0]. [43, 11, 25, 8, 6, 14]
137: [11, 11, 25, 0, 0, 1, 0, 0]. [46, 10, 25, 8, 11, 11]
138: [55, 34, 30, 0, 0, 0, 0, 0]. [49, 12, 30, 0, 55, 34]
139: [67, 28, 30, 0, 0, 0, 2, 0]. [53, 9, 30, 32, 67, 28]
140: [7, 33, 36, 0, 0, 0, 0, 0]. [15, 56, 36, 0, 7, 33]
141: [20, 9, 36, 0, 0, 0, 3, 0]. [22, 44, 36, 48, 20, 9]
142: [87, 31, 38, 0, 0, 0, 0, 0]. [10, 36, 38, 0, 87, 31]
143: [78, 58, 38, 0, 0, 0, 3, 0]. [26, 8, 38, 48, 78, 58]
144: [108, 52, 104, 0, 0, 1, 0, 0]. [33, 54, 104, 8, 108, 52]
145: [19, 51, 36, 0, 0, 0, 1, 0]. [37, 25, 36, 16, 19, 51]
146: [108, 12, 36, 0, 0, 0, 1, 0]. [24, 10, 36, 16, 108, 12]
147: [116, 12, 36, 0, 0, 0, 3, 0]. [31, 10, 36, 48, 116, 12]
148: [112, 45, 36, 0, 0, 0, 3, 0]. [57, 11, 36, 48, 112, 45]
149: [25, 58, 36, 0, 0, 0, 0, 0]. [57, 21, 36, 0, 25, 58]
150: [57, 23, 36, 0, 0, 0, 2, 0]. [25, 59, 36, 32, 57, 23]
151: [36, 25, 33, 0, 0, 0, 3, 0]. [18, 51, 33, 48, 36, 25]
152: [23, 10, 33, 0, 0, 0, 3, 0]. [107, 12, 33, 48, 23, 10]
153: [32, 10, 33, 0, 0, 0, 1, 0]. [117, 12, 33, 16, 32, 10]
154: [15, 57, 32, 0, 0, 0, 2, 0]. [7, 34, 32, 32, 15, 57]
155: [23, 44, 32, 0, 0, 0, 1, 0]. [21, 9, 32, 16, 23, 44]
156: [58, 11, 36, 0, 0, 0, 1, 0]. [113, 45, 36, 16, 58, 11]
157: [31, 22, 33, 0, 0, 0, 2, 0]. [108, 60, 33, 32, 31, 22]
158: [112, 30, 36, 0, 0, 0, 2, 0]. [73, 61, 36, 32, 112, 30]
159: [49, 10, 38, 0, 0, 0, 0, 0]. [20, 35, 38, 0, 49, 10]
160: [121, 60, 44, 0, 0, 0, 0, 0]. [14, 7, 44, 0, 121, 60]
161: [111, 12, 38, 0, 0, 0, 2, 0]. [37, 24, 38, 32, 111, 12]
162: [20, 37, 37, 0, 0, 0, 2, 0]. [49, 11, 37, 32, 20, 37]
163: [105, 55, 44, 0, 0, 0, 2, 0]. [49, 21, 44, 32, 105, 55]
164: [27, 8, 32, 0, 0, 0, 1, 0]. [79, 58, 32, 16, 27, 8]
165: [37, 23, 38, 0, 0, 0, 0, 0]. [111, 10, 38, 0, 37, 23]
166: [79, 11, 38, 0, 0, 0, 2, 0]. [111, 29, 38, 32, 79, 11]
167: [111, 28, 38, 0, 0, 0, 0, 0]. [79, 9, 38, 0, 111, 28]
168: [11, 36, 32, 0, 0, 0, 1, 0]. [87, 32, 32, 16, 11, 36]
169: [112, 45, 43, 0, 0, 0, 3, 0]. [57, 11, 43, 48, 112, 45]
170: [25, 58, 41, 0, 0, 0, 0, 0]. [57, 21, 41, 0, 25, 58]
171: [57, 23, 41, 0, 0, 0, 2, 0]. [25, 59, 41, 32, 57, 23]
172: [36, 25, 21, 0, 0, 0, 3, 0]. [18, 51, 21, 48, 36, 25]
173: [23, 10, 21, 0, 0, 0, 3, 0]. [107, 12, 21, 48, 23, 10]
174: [32, 10, 21, 0, 0, 0, 1, 0]. [117, 12, 21, 16, 32, 10]
175: [15, 57, 20, 0, 0, 0, 2, 0]. [7, 34, 20, 32, 15, 57]
176: [23, 44, 20, 0, 0, 0, 1, 0]. [21, 9, 20, 16, 23, 44]
177: [42, 6, 41, 0, 0, 0, 2, 0]. [86, 29, 41, 32, 42, 6]
178: [58, 11, 41, 0, 0, 0, 1, 0]. [113, 45, 41, 16, 58, 11]
179: [31, 22, 21, 0, 0, 0, 2, 0]. [108, 60, 21, 32, 31, 22]
180: [112, 30, 43, 0, 0, 0, 2, 0]. [73, 61, 43, 32, 112, 30]
181: [14, 8, 37, 0, 0, 0, 2, 0]. [121, 61, 37, 32, 14, 8]
182: [49, 22, 38, 0, 0, 0, 2, 0]. [106, 55, 38, 32, 49, 22]
183: [11, 36, 20, 0, 0, 0, 1, 0]. [87, 32, 20, 16, 11, 36]
184: [111, 28, 49, 0, 0, 0, 0, 0]. [79, 9, 49, 0, 111, 28]
185: [79, 11, 48, 0, 0, 0, 2, 0]. [111, 29, 48, 32, 79, 11]
186: [37, 23, 50, 0, 0, 0, 0, 0]. [111, 10, 50, 0, 37, 23]
187: [111, 12, 49, 0, 0, 0, 2, 0]. [37, 24, 49, 32, 111, 12]
188: [20, 37, 51, 0, 0, 0, 2, 0]. [49, 11, 51, 32, 20, 37]
189: [105, 55, 52, 0, 0, 0, 2, 0]. [49, 21, 52, 32, 105, 55]
190: [27, 8, 20, 0, 0, 0, 1, 0]. [79, 58, 20, 16, 27, 8]
191: [49, 10, 50, 0, 0, 0, 0, 0]. [20, 35, 50, 0, 49, 10]
192: [121, 60, 52, 0, 0, 0, 0, 0]. [14, 7, 52, 0, 121, 60]
193: [14, 8, 51, 0, 0, 0, 2, 0]. [121, 61, 51, 32, 14, 8]
194: [49, 22, 50, 0, 0, 0, 2, 0]. [106, 55, 50, 32, 49, 22]
195: [48, 11, 92, 0, 0, 0, 1, 0]. [44, 54, 92, 16, 48, 11]
196: [35, 37, 61, 0, 0, 1, 2, 0]. [21, 56, 61, 40, 35, 37]
197: [12, 49, 59, 0, 0, 0, 0, 0]. [28, 38, 59, 0, 12, 49]
198: [12, 43, 59, 0, 0, 0, 2, 0]. [28, 32, 59, 32, 12, 43]
199: [27, 28, 59, 0, 0, 0, 0, 0]. [28, 13, 59, 0, 27, 28]
200: [123, 9, 59, 0, 0, 0, 2, 0]. [28, 7, 59, 32, 123, 9]
201: [47, 60, 59, 0, 0, 0, 0, 0]. [23, 24, 59, 0, 47, 60]
202: [67, 27, 57, 0, 0, 0, 0, 0]. [12, 26, 57, 0, 67, 27]
203: [64, 14, 57, 0, 0, 0, 3, 0]. [12, 19, 57, 48, 64, 14]
204: [103, 29, 60, 0, 0, 0, 0, 0]. [33, 24, 60, 0, 103, 29]
205: [79, 52, 59, 0, 0, 0, 0, 0]. [44, 26, 59, 0, 79, 52]
206: [84, 43, 59, 0, 0, 0, 3, 0]. [44, 19, 59, 48, 84, 43]
207: [66, 49, 59, 0, 0, 0, 0, 0]. [23, 31, 59, 0, 66, 49]
208: [80, 17, 59, 0, 0, 0, 0, 0]. [33, 31, 59, 0, 80, 17]
209: [13, 19, 55, 0, 0, 0, 1, 0]. [65, 13, 55, 16, 13, 19]
210: [12, 28, 55, 0, 0, 0, 2, 0]. [67, 28, 55, 32, 12, 28]
211: [28, 31, 55, 0, 0, 0, 0, 0]. [12, 41, 55, 0, 28, 31]
212: [28, 40, 55, 0, 0, 0, 2, 0]. [12, 50, 55, 32, 28, 40]
213: [10, 33, 61, 0, 0, 1, 3, 0]. [9, 49, 61, 56, 10, 33]
214: [28, 32, 61, 0, 0, 1, 1, 0]. [15, 49, 61, 24, 28, 32]
215: [28, 15, 55, 0, 0, 0, 2, 0]. [27, 29, 55, 32, 28, 15]
216: [102, 55, 58, 0, 0, 0, 0, 0]. [27, 13, 58, 0, 102, 55]
217: [120, 14, 59, 0, 0, 0, 0, 0]. [23, 9, 59, 0, 120, 14]
218: [126, 14, 59, 0, 0, 0, 0, 0]. [31, 9, 59, 0, 126, 14]
219: [10, 18, 59, 0, 0, 0, 0, 0]. [22, 21, 59, 0, 10, 18]
220: [44, 18, 59, 0, 0, 0, 0, 0]. [32, 21, 59, 0, 44, 18]
221: [23, 10, 59, 0, 0, 0, 2, 0]. [120, 15, 59, 32, 23, 10]
222: [31, 10, 59, 0, 0, 0, 2, 0]. [126, 15, 59, 32, 31, 10]
223: [29, 7, 55, 0, 0, 0, 1, 0]. [123, 8, 55, 16, 29, 7]
224: [45, 19, 55, 0, 0, 0, 1, 0]. [85, 42, 55, 16, 45, 19]
225: [44, 28, 55, 0, 0, 0, 2, 0]. [79, 53, 55, 32, 44, 28]
226: [65, 43, 59, 0, 0, 0, 1, 0]. [50, 60, 59, 16, 65, 43]
227: [23, 26, 55, 0, 0, 0, 2, 0]. [47, 61, 55, 32, 23, 26]
228: [22, 23, 59, 0, 0, 0, 2, 0]. [10, 19, 59, 32, 22, 23]
229: [32, 23, 59, 0, 0, 0, 2, 0]. [44, 19, 59, 32, 32, 23]
230: [49, 59, 59, 0, 0, 0, 3, 0]. [64, 42, 59, 48, 49, 59]
231: [23, 33, 55, 0, 0, 0, 2, 0]. [66, 50, 55, 32, 23, 33]
232: [97, 25, 60, 0, 0, 0, 1, 0]. [82, 10, 60, 16, 97, 25]
233: [33, 33, 55, 0, 0, 0, 2, 0]. [80, 18, 55, 32, 33, 33]
234: [81, 11, 59, 0, 0, 0, 3, 0]. [96, 26, 59, 48, 81, 11]
235: [33, 26, 55, 0, 0, 0, 2, 0]. [103, 30, 55, 32, 33, 26]
236: [10, 48, 59, 0, 0, 0, 1, 0]. [11, 32, 59, 16, 10, 48]
237: [14, 48, 59, 0, 0, 0, 3, 0]. [27, 31, 59, 48, 14, 48]
238: [12, 13, 62, 0, 0, 1, 3, 0]. [2, 37, 62, 56, 12, 13]
239: [3, 36, 61, 0, 0, 1, 1, 0]. [13, 12, 61, 24, 3, 36]
240: [54, 6, 63, 0, 0, 1, 1, 0]. [14, 8, 63, 24, 54, 6]
241: [46, 9, 63, 0, 0, 1, 3, 0]. [2, 13, 63, 56, 46, 9]
242: [3, 55, 66, 0, 0, 0, 0, 0]. [4, 6, 66, 0, 3, 55]
243: [84, 5, 63, 0, 0, 0, 2, 0]. [8, 18, 63, 32, 84, 5]
244: [29, 20, 64, 0, 0, 1, 0, 0]. [8, 6, 64, 8, 29, 20]
245: [13, 7, 62, 0, 0, 1, 3, 0]. [53, 5, 62, 56, 13, 7]
246: [3, 12, 62, 0, 0, 1, 1, 0]. [47, 8, 62, 24, 3, 12]
247: [87, 7, 63, 0, 0, 0, 2, 0]. [56, 15, 63, 32, 87, 7]
248: [81, 7, 63, 0, 0, 0, 2, 0]. [44, 15, 63, 32, 81, 7]
249: [56, 14, 63, 0, 0, 0, 0, 0]. [87, 5, 63, 0, 56, 14]
250: [44, 14, 63, 0, 0, 0, 0, 0]. [81, 5, 63, 0, 44, 14]
251: [8, 17, 62, 0, 0, 0, 0, 0]. [84, 3, 62, 0, 8, 17]
252: [8, 8, 62, 0, 0, 0, 2, 0]. [29, 21, 62, 32, 8, 8]
253: [68, 16, 65, 0, 0, 0, 0, 0]. [29, 5, 65, 0, 68, 16]
254: [29, 7, 64, 0, 0, 0, 2, 0]. [68, 17, 64, 32, 29, 7]
255: [4, 8, 62, 0, 0, 0, 2, 0]. [3, 56, 62, 32, 4, 8]
256: [14, 34, 68, 0, 0, 0, 2, 0]. [55, 57, 68, 32, 14, 34]
257: [17, 21, 68, 0, 0, 0, 2, 0]. [61, 57, 68, 32, 17, 21]
258: [55, 31, 90, 0, 0, 0, 0, 0]. [10, 2, 90, 0, 55, 31]
259: [41, 13, 90, 0, 0, 0, 0, 0]. [4, 4, 90, 0, 41, 13]
260: [61, 56, 68, 0, 0, 0, 0, 0]. [17, 20, 68, 0, 61, 56]
261: [55, 56, 68, 0, 0, 0, 0, 0]. [14, 33, 68, 0, 55, 56]
262: [106, 99, 1, 0, 0, 0, 2, 0]. [16, 43, 1, 32, 106, 99]
263: [14, 34, 69, 0, 0, 0, 2, 0]. [55, 57, 69, 32, 14, 34]
264: [17, 21, 69, 0, 0, 0, 2, 0]. [61, 57, 69, 32, 17, 21]
265: [55, 31, 70, 0, 0, 0, 0, 0]. [10, 2, 70, 0, 55, 31]
266: [41, 13, 70, 0, 0, 0, 0, 0]. [4, 4, 70, 0, 41, 13]
267: [61, 56, 69, 0, 0, 0, 0, 0]. [17, 20, 69, 0, 61, 56]
268: [55, 56, 69, 0, 0, 0, 0, 0]. [14, 33, 69, 0, 55, 56]
269: [75, 103, 0, 0, 0, 0, 2, 0]. [16, 43, 0, 32, 75, 103]
270: [4, 5, 69, 0, 0, 0, 2, 0]. [41, 14, 69, 32, 4, 5]
271: [10, 3, 69, 0, 0, 0, 2, 0]. [55, 32, 69, 32, 10, 3]
272: [11, 49, 71, 0, 0, 0, 2, 0]. [47, 40, 71, 32, 11, 49]
273: [14, 34, 72, 0, 0, 0, 2, 0]. [55, 57, 72, 32, 14, 34]
274: [17, 21, 72, 0, 0, 0, 2, 0]. [61, 57, 72, 32, 17, 21]
275: [55, 31, 73, 0, 0, 0, 0, 0]. [10, 2, 73, 0, 55, 31]
276: [41, 13, 73, 0, 0, 0, 0, 0]. [4, 4, 73, 0, 41, 13]
277: [61, 56, 72, 0, 0, 0, 0, 0]. [17, 20, 72, 0, 61, 56]
278: [55, 56, 72, 0, 0, 0, 0, 0]. [14, 33, 72, 0, 55, 56]
279: [75, 103, 0, 0, 0, 0, 2, 0]. [16, 43, 0, 32, 75, 103]
280: [4, 5, 72, 0, 0, 0, 2, 0]. [41, 14, 72, 32, 4, 5]
281: [10, 3, 72, 0, 0, 0, 2, 0]. [55, 32, 72, 32, 10, 3]
282: [11, 49, 71, 0, 0, 0, 2, 0]. [47, 40, 71, 32, 11, 49]
283: [4, 16, 81, 0, 0, 0, 0, 0]. [15, 18, 81, 0, 4, 16]
284: [16, 15, 81, 0, 0, 0, 0, 0]. [23, 15, 81, 0, 16, 15]
285: [8, 27, 86, 0, 0, 0, 2, 0]. [22, 14, 86, 32, 8, 27]
286: [52, 29, 86, 0, 0, 0, 2, 0]. [48, 37, 86, 32, 52, 29]
287: [4, 6, 86, 0, 0, 0, 2, 0]. [34, 35, 86, 32, 4, 6]
288: [36, 22, 86, 0, 0, 0, 0, 0]. [37, 40, 86, 0, 36, 22]
289: [52, 14, 76, 0, 0, 0, 0, 0]. [15, 37, 76, 0, 52, 14]
290: [26, 52, 78, 0, 0, 1, 0, 0]. [22, 42, 78, 8, 26, 52]
291: [103, 16, 77, 0, 0, 1, 0, 0]. [29, 17, 77, 8, 103, 16]
292: [114, 16, 77, 0, 0, 1, 0, 0]. [35, 17, 77, 8, 114, 16]
293: [104, 57, 85, 0, 0, 1, 0, 0]. [44, 30, 85, 8, 104, 57]
294: [49, 54, 86, 0, 0, 1, 0, 0]. [46, 39, 86, 8, 49, 54]
295: [4, 16, 81, 0, 0, 0, 0, 0]. [15, 18, 81, 0, 4, 16]
296: [16, 15, 81, 0, 0, 0, 0, 0]. [23, 15, 81, 0, 16, 15]
297: [8, 27, 86, 0, 0, 0, 2, 0]. [22, 14, 86, 32, 8, 27]
298: [52, 29, 86, 0, 0, 0, 2, 0]. [48, 37, 86, 32, 52, 29]
299: [4, 6, 86, 0, 0, 0, 2, 0]. [34, 35, 86, 32, 4, 6]
300: [36, 22, 86, 0, 0, 0, 0, 0]. [37, 40, 86, 0, 36, 22]
301: [52, 14, 76, 0, 0, 0, 0, 0]. [15, 37, 76, 0, 52, 14]
302: [26, 52, 78, 0, 0, 1, 0, 0]. [22, 42, 78, 8, 26, 52]
303: [103, 16, 77, 0, 0, 1, 0, 0]. [29, 17, 77, 8, 103, 16]
304: [114, 16, 77, 0, 0, 1, 0, 0]. [35, 17, 77, 8, 114, 16]
305: [104, 57, 85, 0, 0, 1, 0, 0]. [44, 30, 85, 8, 104, 57]
306: [49, 54, 86, 0, 0, 1, 0, 0]. [46, 39, 86, 8, 49, 54]
307: [15, 39, 75, 0, 0, 0, 2, 0]. [52, 15, 75, 32, 15, 39]
308: [69, 10, 76, 0, 0, 0, 3, 0]. [48, 3, 76, 48, 69, 10]
309: [49, 4, 76, 0, 0, 0, 1, 0]. [70, 11, 76, 16, 49, 4]
310: [28, 38, 78, 0, 0, 1, 2, 0]. [87, 21, 78, 40, 28, 38]
311: [29, 19, 75, 0, 0, 0, 2, 0]. [103, 17, 75, 32, 29, 19]
312: [35, 19, 75, 0, 0, 0, 2, 0]. [114, 17, 75, 32, 35, 19]
313: [87, 20, 76, 0, 0, 1, 0, 0]. [28, 36, 76, 8, 87, 20]
314: [74, 43, 78, 0, 0, 0, 3, 0]. [33, 46, 78, 48, 74, 43]
315: [34, 45, 78, 0, 0, 0, 1, 0]. [75, 42, 78, 16, 34, 45]
316: [22, 44, 75, 0, 0, 0, 2, 0]. [26, 53, 75, 32, 22, 44]
317: [15, 20, 75, 0, 0, 0, 2, 0]. [4, 17, 75, 32, 15, 20]
318: [23, 17, 75, 0, 0, 0, 2, 0]. [16, 16, 75, 32, 23, 17]
319: [5, 54, 81, 0, 0, 0, 3, 0]. [3, 5, 81, 48, 5, 54]
320: [4, 6, 81, 0, 0, 0, 1, 0]. [6, 55, 81, 16, 4, 6]
321: [39, 17, 81, 0, 0, 0, 0, 0]. [13, 51, 81, 0, 39, 17]
322: [13, 53, 81, 0, 0, 0, 2, 0]. [39, 18, 81, 32, 13, 53]
323: [19, 53, 81, 0, 0, 0, 2, 0]. [52, 15, 81, 32, 19, 53]
324: [52, 14, 81, 0, 0, 0, 0, 0]. [19, 51, 81, 0, 52, 14]
325: [7, 5, 83, 0, 0, 0, 3, 0]. [27, 10, 83, 48, 7, 5]
326: [28, 9, 81, 0, 0, 1, 1, 0]. [8, 4, 81, 24, 28, 9]
327: [18, 5, 83, 0, 0, 1, 1, 0]. [8, 12, 83, 24, 18, 5]
328: [7, 11, 83, 0, 0, 1, 3, 0]. [17, 4, 83, 56, 7, 11]
329: [57, 12, 83, 0, 0, 0, 0, 0]. [35, 12, 83, 0, 57, 12]
330: [35, 14, 83, 0, 0, 0, 2, 0]. [57, 13, 83, 32, 35, 14]
331: [8, 57, 84, 0, 0, 0, 0, 0]. [45, 12, 84, 0, 8, 57]
332: [11, 36, 88, 0, 0, 0, 0, 0]. [40, 12, 88, 0, 11, 36]
333: [106, 54, 89, 0, 0, 1, 1, 0]. [32, 18, 89, 24, 106, 54]
334: [20, 33, 87, 0, 0, 0, 0, 0]. [15, 51, 87, 0, 20, 33]
335: [45, 14, 83, 0, 0, 0, 2, 0]. [8, 58, 83, 32, 45, 14]
336: [58, 56, 86, 0, 0, 0, 1, 0]. [57, 54, 86, 16, 58, 56]
337: [44, 32, 75, 0, 0, 0, 2, 0]. [104, 58, 75, 32, 44, 32]
338: [22, 13, 75, 0, 0, 0, 0, 0]. [8, 25, 75, 0, 22, 13]
339: [9, 8, 86, 0, 0, 0, 3, 0]. [32, 11, 86, 48, 9, 8]
340: [33, 10, 86, 0, 0, 0, 1, 0]. [10, 7, 86, 16, 33, 10]
341: [56, 49, 87, 0, 0, 0, 3, 0]. [48, 32, 87, 48, 56, 49]
342: [48, 36, 75, 0, 0, 0, 0, 0]. [52, 27, 75, 0, 48, 36]
343: [34, 34, 75, 0, 0, 0, 0, 0]. [4, 4, 75, 0, 34, 34]
344: [37, 42, 75, 0, 0, 0, 2, 0]. [36, 23, 75, 32, 37, 42]
345: [46, 41, 75, 0, 0, 0, 2, 0]. [49, 55, 75, 32, 46, 41]
346: [4, 14, 86, 0, 0, 0, 0, 0]. [7, 49, 86, 0, 4, 14]
347: [56, 55, 84, 0, 0, 0, 3, 0]. [57, 57, 84, 48, 56, 55]
348: [7, 51, 86, 0, 0, 0, 2, 0]. [4, 15, 86, 32, 7, 51]
349: [96, 42, 89, 0, 0, 1, 3, 0]. [33, 51, 89, 56, 96, 42]
350: [49, 31, 86, 0, 0, 0, 1, 0]. [57, 48, 86, 16, 49, 31]
351: [15, 54, 84, 0, 0, 0, 2, 0]. [20, 34, 84, 32, 15, 54]
352: [40, 14, 83, 0, 0, 0, 2, 0]. [11, 37, 83, 32, 40, 14]
353: [34, 50, 87, 0, 0, 1, 1, 0]. [97, 41, 87, 24, 34, 50]
354: [31, 17, 83, 0, 0, 1, 3, 0]. [105, 53, 83, 56, 31, 17]
355: [4, 5, 68, 0, 0, 0, 2, 0]. [41, 14, 68, 32, 4, 5]
356: [10, 3, 68, 0, 0, 0, 2, 0]. [55, 32, 68, 32, 10, 3]
357: [68, 12, 92, 0, 0, 0, 0, 0]. [47, 24, 92, 0, 68, 12]
358: [43, 54, 53, 0, 0, 0, 3, 0]. [47, 11, 53, 48, 43, 54]
359: [47, 25, 90, 0, 0, 0, 2, 0]. [68, 12, 90, 32, 47, 25]
360: [90, 98, 511, 0, 0, 0, 0, 0]. [7, 1, 255, 1, 90, 98]
361: [80, 36, 94, 0, 0, 0, 0, 0]. [7, 9, 94, 0, 80, 36]
362: [7, 10, 93, 0, 0, 0, 2, 0]. [80, 37, 93, 32, 7, 10]
363: [8, 13, 100, 0, 0, 0, 1, 0]. [11, 26, 100, 16, 8, 13]
364: [19, 16, 100, 0, 0, 0, 0, 0]. [15, 21, 100, 0, 19, 16]
365: [19, 16, 100, 0, 0, 0, 0, 0]. [16, 21, 100, 0, 19, 16]
366: [44, 24, 100, 0, 0, 0, 1, 0]. [22, 21, 100, 16, 44, 24]
367: [51, 33, 100, 0, 0, 0, 1, 0]. [29, 25, 100, 16, 51, 33]
368: [35, 7, 100, 0, 0, 0, 1, 0]. [15, 12, 100, 16, 35, 7]
369: [9, 36, 100, 0, 0, 0, 0, 0]. [25, 15, 100, 0, 9, 36]
370: [58, 46, 100, 0, 0, 0, 2, 0]. [33, 24, 100, 32, 58, 46]
371: [54, 9, 103, 0, 0, 0, 1, 0]. [55, 10, 103, 16, 54, 9]
372: [59, 9, 103, 0, 0, 0, 3, 0]. [10, 10, 103, 48, 59, 9]
373: [8, 48, 100, 0, 0, 0, 1, 0]. [23, 32, 100, 16, 8, 48]
374: [10, 26, 95, 0, 0, 0, 3, 0]. [7, 13, 95, 48, 10, 26]
375: [16, 22, 96, 0, 0, 0, 2, 0]. [19, 17, 96, 32, 16, 22]
376: [21, 21, 96, 0, 0, 0, 3, 0]. [43, 24, 96, 48, 21, 21]
377: [28, 25, 96, 0, 0, 0, 3, 0]. [50, 33, 96, 48, 28, 25]
378: [14, 12, 96, 0, 0, 0, 3, 0]. [34, 7, 96, 48, 14, 12]
379: [43, 51, 102, 0, 0, 0, 1, 0]. [7, 29, 102, 16, 43, 51]
380: [25, 16, 96, 0, 0, 0, 2, 0]. [9, 37, 96, 32, 25, 16]
381: [34, 50, 102, 0, 0, 0, 3, 0]. [30, 52, 102, 48, 34, 50]
382: [34, 24, 97, 0, 0, 0, 1, 0]. [58, 45, 97, 16, 34, 24]
383: [22, 32, 98, 0, 0, 0, 3, 0]. [7, 48, 98, 48, 22, 32]
384: [10, 49, 101, 0, 0, 0, 2, 0]. [17, 59, 101, 32, 10, 49]
385: [30, 36, 100, 0, 0, 0, 3, 0]. [56, 7, 100, 48, 30, 36]
386: [57, 7, 100, 0, 0, 0, 1, 0]. [31, 36, 100, 16, 57, 7]
387: [6, 29, 100, 0, 0, 0, 3, 0]. [42, 50, 100, 48, 6, 29]
388: [6, 29, 100, 0, 0, 0, 3, 0]. [43, 50, 100, 48, 6, 29]
389: [30, 53, 100, 0, 0, 0, 2, 0]. [35, 50, 100, 32, 30, 53]
390: [11, 10, 98, 0, 0, 0, 1, 0]. [60, 9, 98, 16, 11, 10]
391: [54, 10, 97, 0, 0, 0, 3, 0]. [53, 9, 97, 48, 54, 10]
392: [33, 56, 20, 0, 0, 0, 2, 0]. [108, 53, 20, 32, 33, 56]
393: [57, 35, 105, 0, 0, 1, 0, 0]. [93, 45, 105, 8, 57, 35]
394: [57, 35, 106, 0, 0, 1, 0, 0]. [99, 45, 106, 8, 57, 35]
395: [57, 35, 107, 0, 0, 1, 0, 0]. [108, 45, 107, 8, 57, 35]
396: [93, 47, 104, 0, 0, 0, 2, 0]. [57, 36, 104, 32, 93, 47]
397: [99, 47, 104, 0, 0, 0, 2, 0]. [57, 36, 104, 32, 99, 47]
398: [108, 47, 104, 0, 0, 0, 2, 0]. [57, 36, 104, 32, 108, 47]
399: [10, 49, 108, 0, 0, 0, 2, 0]. [9, 30, 108, 32, 10, 49]
400: [44, 27, 110, 0, 0, 0, 0, 0]. [11, 8, 110, 0, 44, 27]
401: [22, 53, 110, 0, 0, 0, 0, 0]. [14, 17, 110, 0, 22, 53]
402: [42, 44, 110, 0, 0, 0, 0, 0]. [25, 15, 110, 0, 42, 44]
403: [42, 50, 111, 0, 0, 1, 2, 0]. [22, 34, 111, 40, 42, 50]
404: [11, 10, 109, 0, 0, 0, 2, 0]. [44, 28, 109, 32, 11, 10]
405: [25, 16, 109, 0, 0, 0, 2, 0]. [42, 45, 109, 32, 25, 16]
406: [7, 43, 112, 0, 0, 0, 2, 0]. [50, 54, 112, 32, 7, 43]
407: [14, 18, 109, 0, 0, 0, 2, 0]. [22, 54, 109, 32, 14, 18]
408: [22, 33, 109, 0, 0, 0, 0, 0]. [42, 48, 109, 0, 22, 33]
409: [50, 52, 110, 0, 0, 0, 0, 0]. [7, 42, 110, 0, 50, 52]
410: [30, 50, 113, 0, 0, 1, 2, 0]. [8, 60, 113, 40, 30, 50]
411: [116, 14, 116, 0, 0, 0, 0, 0]. [7, 6, 116, 0, 116, 14]
412: [7, 7, 115, 0, 0, 0, 2, 0]. [116, 15, 115, 32, 7, 7]
413: [51, 30, 123, 0, 0, 0, 0, 0]. [28, 12, 123, 0, 51, 30]
414: [10, 49, 123, 0, 0, 0, 0, 0]. [28, 31, 123, 0, 10, 49]
415: [17, 38, 123, 0, 0, 0, 0, 0]. [37, 11, 123, 0, 17, 38]
416: [28, 54, 123, 0, 0, 0, 0, 0]. [50, 37, 123, 0, 28, 54]
417: [28, 14, 121, 0, 0, 0, 2, 0]. [51, 31, 121, 32, 28, 14]
418: [28, 33, 121, 0, 0, 0, 2, 0]. [10, 50, 121, 32, 28, 33]
419: [37, 13, 121, 0, 0, 0, 2, 0]. [17, 39, 121, 32, 37, 13]
420: [50, 39, 285, 0, 0, 0, 2, 0]. [28, 55, 29, 33, 50, 39]
421: [42, 9, 123, 0, 0, 0, 2, 0]. [4, 14, 123, 32, 42, 9]
422: [4, 13, 123, 0, 0, 0, 0, 0]. [42, 7, 123, 0, 4, 13]
423: [10, 36, 123, 0, 0, 0, 2, 0]. [25, 18, 123, 32, 10, 36]
424: [25, 17, 123, 0, 0, 1, 0, 0]. [10, 34, 123, 8, 25, 17]
425: [56, 53, 123, 0, 0, 0, 0, 0]. [40, 7, 123, 0, 56, 53]
426: [40, 9, 123, 0, 0, 0, 2, 0]. [56, 54, 123, 32, 40, 9]
427: [5, 45, 123, 0, 0, 0, 2, 0]. [40, 12, 123, 32, 5, 45]
428: [40, 11, 123, 0, 0, 0, 0, 0]. [5, 43, 123, 0, 40, 11]
429: [15, 45, 123, 0, 0, 0, 2, 0]. [49, 12, 123, 32, 15, 45]
430: [49, 11, 123, 0, 0, 0, 0, 0]. [15, 43, 123, 0, 49, 11]
431: [49, 27, 123, 0, 0, 0, 1, 0]. [6, 24, 123, 16, 49, 27]
432: [5, 25, 123, 0, 0, 0, 3, 0]. [48, 28, 123, 48, 5, 25]
433: [28, 36, 124, 0, 0, 0, 0, 0]. [16, 32, 124, 0, 28, 36]
434: [16, 34, 123, 0, 0, 0, 2, 0]. [28, 37, 123, 32, 16, 34]
435: [51, 30, 126, 0, 0, 0, 0, 0]. [28, 12, 126, 0, 51, 30]
436: [10, 49, 126, 0, 0, 0, 0, 0]. [28, 31, 126, 0, 10, 49]
437: [18, 38, 126, 0, 0, 0, 0, 0]. [37, 11, 126, 0, 18, 38]
438: [28, 54, 126, 0, 0, 0, 0, 0]. [50, 37, 126, 0, 28, 54]
439: [28, 14, 125, 0, 0, 0, 2, 0]. [51, 31, 125, 32, 28, 14]
440: [28, 33, 125, 0, 0, 0, 2, 0]. [10, 50, 125, 32, 28, 33]
441: [37, 13, 125, 0, 0, 0, 2, 0]. [18, 39, 125, 32, 37, 13]
442: [50, 39, 125, 0, 0, 0, 2, 0]. [28, 55, 125, 32, 50, 39]
443: [42, 9, 126, 0, 0, 0, 2, 0]. [4, 14, 126, 32, 42, 9]
444: [4, 13, 126, 0, 0, 0, 0, 0]. [42, 7, 126, 0, 4, 13]
445: [25, 17, 126, 0, 0, 0, 0, 0]. [10, 34, 126, 0, 25, 17]
446: [56, 53, 126, 0, 0, 0, 0, 0]. [40, 7, 126, 0, 56, 53]
447: [40, 9, 126, 0, 0, 0, 2, 0]. [56, 54, 126, 32, 40, 9]
448: [5, 45, 126, 0, 0, 0, 2, 0]. [40, 12, 126, 32, 5, 45]
449: [40, 11, 126, 0, 0, 0, 0, 0]. [5, 43, 126, 0, 40, 11]
450: [15, 45, 126, 0, 0, 0, 2, 0]. [49, 12, 126, 32, 15, 45]
451: [49, 11, 126, 0, 0, 0, 0, 0]. [15, 43, 126, 0, 49, 11]
452: [49, 27, 126, 0, 0, 0, 1, 0]. [6, 24, 126, 16, 49, 27]
453: [5, 25, 126, 0, 0, 0, 3, 0]. [48, 28, 126, 48, 5, 25]
454: [28, 36, 126, 0, 0, 0, 0, 0]. [16, 32, 126, 0, 28, 36]
455: [16, 34, 126, 0, 0, 0, 2, 0]. [28, 37, 126, 32, 16, 34]
456: [10, 36, 126, 0, 0, 0, 2, 0]. [25, 18, 126, 32, 10, 36]
457: [140, 19, 511, 0, 0, 0, 0, 0]. [7, 1, 255, 1, 140, 19]
458: [80, 36, 128, 0, 0, 0, 0, 0]. [7, 9, 128, 0, 80, 36]
459: [7, 10, 127, 0, 0, 0, 2, 0]. [80, 37, 127, 32, 7, 10]
460: [116, 14, 116, 0, 0, 0, 0, 0]. [7, 6, 116, 0, 116, 14]
461: [3, 13, 133, 0, 0, 0, 0, 0]. [28, 7, 133, 0, 3, 13]
462: [28, 8, 132, 0, 0, 0, 2, 0]. [3, 14, 132, 32, 28, 8]
463: [5, 8, 134, 0, 0, 0, 2, 0]. [20, 14, 134, 32, 5, 8]
464: [20, 13, 133, 0, 0, 0, 0, 0]. [5, 7, 133, 0, 20, 13]
465: [178, 93, 0, 0, 0, 0, 2, 0]. [11, 7, 0, 32, 178, 93]
466: [28, 8, 132, 0, 0, 0, 2, 0]. [12, 12, 132, 32, 28, 8]
467: [11, 8, 134, 0, 0, 0, 2, 0]. [3, 13, 134, 32, 11, 8]
468: [79, 14, 140, 0, 0, 0, 0, 0]. [23, 7, 140, 0, 79, 14]
469: [23, 8, 135, 0, 0, 0, 2, 0]. [79, 15, 135, 32, 23, 8]
470: [2, 7, 147, 0, 0, 0, 1, 0]. [91, 8, 147, 16, 2, 7]
471: [25, 7, 147, 0, 0, 0, 3, 0]. [100, 8, 147, 48, 25, 7]
472: [2, 7, 149, 0, 0, 0, 1, 0]. [109, 8, 149, 16, 2, 7]
473: [8, 11, 153, 0, 0, 0, 0, 0]. [48, 8, 153, 0, 8, 11]
474: [2, 8, 152, 0, 0, 0, 1, 0]. [83, 8, 152, 16, 2, 8]
475: [13, 8, 152, 0, 0, 0, 3, 0]. [86, 8, 152, 48, 13, 8]
476: [9, 11, 152, 0, 0, 0, 0, 0]. [85, 8, 152, 0, 9, 11]
477: [2, 8, 321, 0, 0, 0, 1, 0]. [59, 8, 65, 17, 2, 8]
478: [26, 10, 321, 0, 0, 0, 0, 0]. [65, 8, 65, 1, 26, 10]
479: [2, 7, 144, 0, 0, 0, 1, 0]. [75, 8, 144, 16, 2, 7]
480: [29, 7, 144, 0, 0, 0, 3, 0]. [82, 8, 144, 48, 29, 7]
481: [2, 7, 322, 0, 0, 0, 1, 0]. [91, 8, 66, 17, 2, 7]
482: [29, 7, 322, 0, 0, 0, 3, 0]. [100, 8, 66, 49, 29, 7]
483: [8, 11, 153, 0, 0, 0, 0, 0]. [48, 8, 153, 0, 8, 11]
484: [74, 8, 143, 0, 0, 0, 3, 0]. [1, 7, 143, 48, 74, 8]
485: [74, 8, 143, 0, 0, 0, 3, 0]. [1, 8, 143, 48, 74, 8]
486: [83, 8, 143, 0, 0, 0, 1, 0]. [30, 7, 143, 16, 83, 8]
487: [83, 8, 143, 0, 0, 0, 1, 0]. [30, 8, 143, 16, 83, 8]
488: [8, 8, 152, 0, 0, 0, 2, 0]. [23, 13, 152, 32, 8, 8]
489: [90, 8, 141, 0, 0, 0, 3, 0]. [1, 8, 141, 48, 90, 8]
490: [90, 8, 141, 0, 0, 0, 3, 0]. [1, 7, 141, 48, 90, 8]
491: [101, 8, 141, 0, 0, 0, 1, 0]. [26, 8, 141, 16, 101, 8]
492: [101, 8, 141, 0, 0, 0, 1, 0]. [26, 7, 141, 16, 101, 8]
493: [108, 8, 141, 0, 0, 0, 3, 0]. [1, 7, 141, 48, 108, 8]
494: [108, 8, 141, 0, 0, 0, 3, 0]. [1, 8, 141, 48, 108, 8]
495: [7, 16, 165, 0, 0, 0, 0, 0]. [40, 49, 165, 0, 7, 16]
496: [82, 8, 142, 0, 0, 0, 3, 0]. [1, 8, 142, 48, 82, 8]
497: [87, 8, 142, 0, 0, 0, 1, 0]. [14, 8, 142, 16, 87, 8]
498: [82, 8, 142, 0, 0, 0, 3, 0]. [1, 9, 142, 48, 82, 8]
499: [87, 8, 142, 0, 0, 0, 1, 0]. [14, 9, 142, 16, 87, 8]
500: [85, 9, 142, 0, 0, 0, 2, 0]. [9, 12, 142, 32, 85, 9]
501: [23, 12, 146, 0, 0, 0, 0, 0]. [8, 7, 146, 0, 23, 12]
502: [48, 9, 141, 0, 0, 0, 2, 0]. [8, 12, 141, 32, 48, 9]
503: [10, 45, 165, 0, 0, 0, 2, 0]. [52, 59, 165, 32, 10, 45]
504: [8, 5, 166, 0, 0, 0, 2, 0]. [11, 12, 166, 32, 8, 5]
505: [15, 20, 156, 0, 0, 1, 0, 0]. [10, 4, 156, 8, 15, 20]
506: [23, 23, 160, 0, 0, 1, 0, 0]. [22, 36, 160, 8, 23, 23]
507: [29, 52, 164, 0, 0, 1, 0, 0]. [26, 21, 164, 8, 29, 52]
508: [10, 47, 161, 0, 0, 1, 0, 0]. [8, 29, 161, 8, 10, 47]
509: [50, 16, 163, 0, 0, 0, 0, 0]. [16, 16, 163, 0, 50, 16]
510: [29, 25, 162, 0, 0, 1, 0, 0]. [13, 10, 162, 8, 29, 25]
511: [11, 25, 165, 0, 0, 0, 0, 0]. [6, 20, 165, 0, 11, 25]
512: [23, 47, 161, 0, 0, 1, 0, 0]. [12, 29, 161, 8, 23, 47]
513: [50, 16, 163, 0, 0, 0, 0, 0]. [16, 16, 163, 0, 50, 16]
514: [29, 25, 162, 0, 0, 1, 0, 0]. [13, 10, 162, 8, 29, 25]
515: [11, 25, 165, 0, 0, 0, 0, 0]. [6, 20, 165, 0, 11, 25]
516: [22, 37, 157, 0, 0, 0, 2, 0]. [23, 24, 157, 32, 22, 37]
517: [8, 31, 157, 0, 0, 0, 2, 0]. [10, 48, 157, 32, 8, 31]
518: [12, 31, 157, 0, 0, 0, 2, 0]. [23, 48, 157, 32, 12, 31]
519: [16, 41, 165, 0, 0, 0, 3, 0]. [43, 22, 165, 48, 16, 41]
520: [26, 23, 157, 0, 0, 0, 2, 0]. [29, 53, 157, 32, 26, 23]
521: [44, 21, 163, 0, 0, 0, 1, 0]. [18, 39, 163, 16, 44, 21]
522: [52, 58, 154, 0, 0, 0, 0, 0]. [10, 43, 154, 0, 52, 58]
523: [214, 148, 511, 0, 0, 0, 2, 0]. [12, 26, 255, 33, 214, 148]
524: [8, 9, 168, 0, 0, 0, 2, 0]. [25, 26, 168, 32, 8, 9]
525: [44, 52, 171, 0, 0, 1, 0, 0]. [19, 31, 171, 8, 44, 52]
526: [26, 37, 172, 0, 0, 1, 0, 0]. [16, 54, 172, 8, 26, 37]
527: [19, 33, 169, 0, 0, 0, 2, 0]. [44, 53, 169, 32, 19, 33]
528: [16, 56, 169, 0, 0, 0, 2, 0]. [26, 38, 169, 32, 16, 56]
529: [58, 34, 175, 0, 0, 0, 0, 0]. [15, 3, 175, 0, 58, 34]
530: [15, 4, 175, 0, 0, 0, 2, 0]. [58, 35, 175, 32, 15, 4]
531: [55, 16, 179, 0, 0, 0, 3, 0]. [8, 11, 179, 48, 55, 16]
532: [55, 16, 179, 0, 0, 0, 3, 0]. [9, 11, 179, 48, 55, 16]
533: [18, 6, 179, 0, 0, 0, 2, 0]. [36, 15, 179, 32, 18, 6]
534: [11, 11, 179, 0, 0, 0, 2, 0]. [8, 5, 179, 32, 11, 11]
535: [50, 40, 179, 0, 0, 0, 3, 0]. [9, 11, 179, 48, 50, 40]
536: [36, 56, 180, 0, 0, 0, 1, 0]. [22, 10, 180, 16, 36, 56]
537: [49, 32, 221, 0, 0, 0, 2, 0]. [25, 30, 221, 32, 49, 32]
538: [7, 5, 177, 0, 0, 0, 3, 0]. [11, 10, 177, 48, 7, 5]
539: [35, 15, 176, 0, 0, 0, 3, 0]. [18, 5, 176, 48, 35, 15]
540: [9, 12, 176, 0, 0, 0, 1, 0]. [56, 16, 176, 16, 9, 12]
541: [10, 11, 178, 0, 0, 0, 1, 0]. [51, 40, 178, 16, 10, 11]
542: [21, 10, 178, 0, 0, 0, 3, 0]. [35, 56, 178, 48, 21, 10]
543: [15, 20, 181, 0, 0, 0, 0, 0]. [44, 55, 181, 0, 15, 20]
544: [119, 37, 186, 0, 0, 0, 0, 0]. [7, 6, 186, 0, 119, 37]
545: [7, 7, 185, 0, 0, 0, 2, 0]. [119, 38, 185, 32, 7, 7]
546: [39, 18, 197, 0, 0, 0, 0, 0]. [4, 7, 197, 0, 39, 18]
547: [12, 39, 194, 0, 0, 1, 0, 0]. [11, 11, 194, 8, 12, 39]
548: [21, 43, 194, 0, 0, 1, 0, 0]. [14, 13, 194, 8, 21, 43]
549: [17, 20, 191, 0, 0, 1, 0, 0]. [16, 22, 191, 8, 17, 20]
550: [38, 61, 195, 0, 0, 0, 0, 0]. [26, 7, 195, 0, 38, 61]
551: [38, 53, 195, 0, 0, 0, 2, 0]. [26, 4, 195, 32, 38, 53]
552: [39, 18, 197, 0, 0, 0, 0, 0]. [4, 7, 197, 0, 39, 18]
553: [12, 39, 194, 0, 0, 1, 0, 0]. [11, 11, 194, 8, 12, 39]
554: [21, 43, 194, 0, 0, 1, 0, 0]. [14, 13, 194, 8, 21, 43]
555: [17, 20, 191, 0, 0, 1, 0, 0]. [16, 22, 191, 8, 17, 20]
556: [38, 61, 195, 0, 0, 0, 0, 0]. [26, 7, 195, 0, 38, 61]
557: [38, 53, 195, 0, 0, 0, 2, 0]. [26, 4, 195, 32, 38, 53]
558: [16, 24, 188, 0, 0, 0, 2, 0]. [17, 21, 188, 32, 16, 24]
559: [11, 13, 188, 0, 0, 0, 2, 0]. [12, 40, 188, 32, 11, 13]
560: [14, 15, 188, 0, 0, 0, 2, 0]. [21, 44, 188, 32, 14, 15]
561: [14, 56, 195, 0, 0, 0, 3, 0]. [32, 58, 195, 48, 14, 56]
562: [33, 57, 195, 0, 0, 0, 1, 0]. [15, 55, 195, 16, 33, 57]
563: [26, 9, 188, 0, 0, 0, 2, 0]. [38, 62, 188, 32, 26, 9]
564: [26, 3, 188, 0, 0, 0, 0, 0]. [38, 51, 188, 0, 26, 3]
565: [26, 13, 284, 0, 0, 0, 2, 0]. [60, 62, 28, 33, 26, 13]
566: [4, 9, 188, 0, 0, 0, 2, 0]. [39, 19, 188, 32, 4, 9]
567: [118, 28, 209, 0, 0, 1, 0, 0]. [16, 12, 209, 8, 118, 28]
568: [56, 51, 203, 0, 0, 1, 0, 0]. [6, 56, 203, 8, 56, 51]
569: [54, 22, 202, 0, 0, 1, 0, 0]. [5, 25, 202, 8, 54, 22]
570: [18, 57, 206, 0, 0, 1, 0, 0]. [10, 39, 206, 8, 18, 57]
571: [18, 25, 200, 0, 0, 1, 0, 0]. [26, 27, 200, 8, 18, 25]
572: [39, 50, 204, 0, 0, 1, 0, 0]. [16, 41, 204, 8, 39, 50]
573: [34, 20, 201, 0, 0, 1, 0, 0]. [27, 41, 201, 8, 34, 20]
574: [26, 29, 198, 0, 0, 0, 2, 0]. [18, 26, 198, 32, 26, 29]
575: [27, 43, 198, 0, 0, 0, 2, 0]. [34, 21, 198, 32, 27, 43]
576: [5, 27, 198, 0, 0, 0, 2, 0]. [54, 23, 198, 32, 5, 27]
577: [6, 58, 198, 0, 0, 0, 2, 0]. [56, 52, 198, 32, 6, 58]
578: [16, 43, 198, 0, 0, 0, 2, 0]. [39, 51, 198, 32, 16, 43]
579: [10, 41, 198, 0, 0, 0, 2, 0]. [18, 58, 198, 32, 10, 41]
580: [99, 30, 209, 0, 0, 0, 2, 0]. [127, 52, 209, 32, 99, 30]
581: [112, 47, 207, 0, 0, 0, 3, 0]. [124, 52, 207, 48, 112, 47]
582: [125, 51, 207, 0, 0, 0, 1, 0]. [113, 46, 207, 16, 125, 51]
583: [92, 61, 207, 0, 0, 0, 0, 0]. [104, 46, 207, 0, 92, 61]
584: [104, 48, 207, 0, 0, 0, 2, 0]. [92, 62, 207, 32, 104, 48]
585: [95, 61, 207, 0, 0, 0, 0, 0]. [106, 46, 207, 0, 95, 61]
586: [106, 48, 207, 0, 0, 0, 2, 0]. [95, 62, 207, 32, 106, 48]
587: [90, 61, 207, 0, 0, 0, 0, 0]. [88, 50, 207, 0, 90, 61]
588: [88, 51, 207, 0, 0, 0, 2, 0]. [90, 62, 207, 32, 88, 51]
589: [75, 36, 208, 0, 0, 0, 0, 0]. [88, 35, 208, 0, 75, 36]
590: [85, 46, 207, 0, 0, 0, 0, 0]. [76, 50, 207, 0, 85, 46]
591: [88, 37, 207, 0, 0, 0, 2, 0]. [75, 37, 207, 32, 88, 37]
592: [16, 14, 198, 0, 0, 0, 2, 0]. [118, 29, 198, 32, 16, 14]
593: [127, 51, 207, 0, 0, 0, 0, 0]. [99, 29, 207, 0, 127, 51]
594: [33, 7, 217, 0, 0, 0, 2, 0]. [56, 50, 217, 32, 33, 7]
595: [23, 21, 217, 0, 0, 0, 2, 0]. [36, 15, 217, 32, 23, 21]
596: [55, 25, 217, 0, 0, 0, 2, 0]. [41, 56, 217, 32, 55, 25]
597: [38, 47, 217, 0, 0, 0, 2, 0]. [18, 33, 217, 32, 38, 47]
598: [46, 30, 217, 0, 0, 0, 2, 0]. [6, 55, 217, 32, 46, 30]
599: [26, 42, 217, 0, 0, 0, 2, 0]. [5, 16, 217, 32, 26, 42]
600: [124, 55, 225, 0, 0, 0, 0, 0]. [13, 21, 225, 0, 124, 55]
601: [83, 61, 225, 0, 0, 0, 0, 0]. [23, 17, 225, 0, 83, 61]
602: [98, 61, 225, 0, 0, 0, 0, 0]. [42, 28, 225, 0, 98, 61]
603: [110, 54, 225, 0, 0, 0, 0, 0]. [43, 24, 225, 0, 110, 54]
604: [12, 43, 225, 0, 0, 0, 0, 0]. [44, 48, 225, 0, 12, 43]
605: [11, 16, 225, 0, 0, 0, 0, 0]. [44, 41, 225, 0, 11, 16]
606: [21, 14, 225, 0, 0, 0, 0, 0]. [49, 38, 225, 0, 21, 14]
607: [66, 56, 225, 0, 0, 0, 0, 0]. [54, 35, 225, 0, 66, 56]
608: [52, 56, 225, 0, 0, 0, 0, 0]. [38, 57, 225, 0, 52, 56]
609: [48, 48, 225, 0, 0, 0, 1, 0]. [35, 53, 225, 16, 48, 48]
610: [59, 34, 225, 0, 0, 0, 0, 0]. [34, 50, 225, 0, 59, 34]
611: [47, 10, 225, 0, 0, 0, 1, 0]. [30, 42, 225, 16, 47, 10]
612: [11, 61, 225, 0, 0, 0, 0, 0]. [35, 33, 225, 0, 11, 61]
613: [30, 61, 225, 0, 0, 0, 0, 0]. [31, 30, 225, 0, 30, 61]
614: [30, 33, 225, 0, 0, 0, 0, 0]. [30, 21, 225, 0, 30, 33]
615: [35, 13, 225, 0, 0, 0, 0, 0]. [35, 15, 225, 0, 35, 13]
616: [118, 26, 225, 0, 0, 0, 0, 0]. [15, 39, 225, 0, 118, 26]
617: [104, 26, 225, 0, 0, 0, 0, 0]. [12, 36, 225, 0, 104, 26]
618: [25, 29, 179, 0, 0, 1, 0, 0]. [49, 31, 179, 8, 25, 29]
619: [82, 37, 226, 0, 0, 0, 0, 0]. [33, 9, 226, 0, 82, 37]
620: [44, 49, 221, 0, 0, 0, 2, 0]. [12, 44, 221, 32, 44, 49]
621: [44, 42, 221, 0, 0, 0, 2, 0]. [11, 17, 221, 32, 44, 42]
622: [49, 39, 221, 0, 0, 0, 2, 0]. [21, 15, 221, 32, 49, 39]
623: [38, 58, 221, 0, 0, 0, 2, 0]. [52, 57, 221, 32, 38, 58]
624: [35, 54, 221, 0, 0, 0, 2, 0]. [47, 47, 221, 32, 35, 54]
625: [34, 51, 221, 0, 0, 0, 2, 0]. [59, 35, 221, 32, 34, 51]
626: [30, 43, 221, 0, 0, 0, 2, 0]. [46, 9, 221, 32, 30, 43]
627: [15, 40, 221, 0, 0, 0, 2, 0]. [118, 27, 221, 32, 15, 40]
628: [12, 37, 221, 0, 0, 0, 2, 0]. [104, 27, 221, 32, 12, 37]
629: [23, 18, 221, 0, 0, 0, 2, 0]. [83, 62, 221, 32, 23, 18]
630: [13, 22, 221, 0, 0, 0, 2, 0]. [124, 56, 221, 32, 13, 22]
631: [42, 29, 221, 0, 0, 0, 2, 0]. [98, 62, 221, 32, 42, 29]
632: [43, 25, 221, 0, 0, 0, 2, 0]. [110, 55, 221, 32, 43, 25]
633: [54, 36, 221, 0, 0, 0, 2, 0]. [66, 57, 221, 32, 54, 36]
634: [35, 34, 221, 0, 0, 0, 2, 0]. [11, 62, 221, 32, 35, 34]
635: [31, 31, 221, 0, 0, 0, 2, 0]. [30, 62, 221, 32, 31, 31]
636: [30, 22, 221, 0, 0, 0, 2, 0]. [30, 34, 221, 32, 30, 22]
637: [35, 16, 221, 0, 0, 0, 2, 0]. [35, 14, 221, 32, 35, 16]
638: [35, 34, 221, 0, 0, 0, 2, 0]. [11, 62, 221, 32, 35, 34]
639: [31, 31, 221, 0, 0, 0, 2, 0]. [30, 62, 221, 32, 31, 31]
640: [30, 22, 221, 0, 0, 0, 2, 0]. [30, 34, 221, 32, 30, 22]
641: [35, 16, 221, 0, 0, 0, 2, 0]. [35, 14, 221, 32, 35, 16]
642: [117, 14, 232, 0, 0, 0, 0, 0]. [4, 24, 232, 0, 117, 14]
643: [114, 36, 232, 0, 0, 0, 0, 0]. [28, 24, 232, 0, 114, 36]
644: [48, 32, 237, 0, 0, 0, 2, 0]. [7, 49, 237, 32, 48, 32]
645: [72, 32, 237, 0, 0, 0, 2, 0]. [25, 49, 237, 32, 72, 32]
646: [6, 17, 235, 0, 0, 0, 0, 0]. [117, 3, 235, 0, 6, 17]
647: [4, 26, 231, 0, 0, 0, 2, 0]. [117, 15, 231, 32, 4, 26]
648: [28, 26, 231, 0, 0, 0, 2, 0]. [114, 37, 231, 32, 28, 26]
649: [117, 14, 237, 0, 0, 0, 0, 0]. [4, 24, 237, 0, 117, 14]
650: [114, 36, 237, 0, 0, 0, 0, 0]. [28, 24, 237, 0, 114, 36]
651: [48, 32, 237, 0, 0, 0, 2, 0]. [7, 49, 237, 32, 48, 32]
652: [72, 32, 237, 0, 0, 0, 2, 0]. [25, 49, 237, 32, 72, 32]
653: [117, 14, 238, 0, 0, 0, 0, 0]. [4, 24, 238, 0, 117, 14]
654: [114, 36, 238, 0, 0, 0, 0, 0]. [28, 24, 238, 0, 114, 36]
655: [48, 32, 237, 0, 0, 0, 2, 0]. [7, 49, 237, 32, 48, 32]
656: [72, 32, 237, 0, 0, 0, 2, 0]. [25, 49, 237, 32, 72, 32]
657: [117, 5, 232, 0, 0, 0, 2, 0]. [6, 18, 232, 32, 117, 5]
658: [45, 154, 511, 0, 0, 0, 2, 0]. [60, 52, 255, 33, 45, 154]
659: [100, 22, 238, 0, 0, 0, 0, 0]. [82, 32, 238, 0, 100, 22]
660: [4, 26, 233, 0, 0, 0, 2, 0]. [117, 15, 233, 32, 4, 26]
661: [28, 26, 233, 0, 0, 0, 2, 0]. [114, 37, 233, 32, 28, 26]
662: [82, 34, 237, 0, 0, 0, 2, 0]. [100, 23, 237, 32, 82, 34]
663: [4, 26, 234, 0, 0, 0, 2, 0]. [117, 15, 234, 32, 4, 26]
664: [28, 26, 234, 0, 0, 0, 2, 0]. [114, 37, 234, 32, 28, 26]
665: [47, 19, 247, 0, 0, 1, 0, 0]. [10, 24, 247, 8, 47, 19]
666: [8, 14, 248, 0, 0, 1, 0, 0]. [11, 41, 248, 8, 8, 14]
667: [27, 15, 246, 0, 0, 1, 0, 0]. [11, 52, 246, 8, 27, 15]
668: [20, 32, 249, 0, 0, 0, 0, 0]. [17, 54, 249, 0, 20, 32]
669: [7, 57, 245, 0, 0, 1, 0, 0]. [30, 50, 245, 8, 7, 57]
670: [23, 33, 250, 0, 0, 0, 0, 0]. [15, 8, 250, 0, 23, 33]
671: [9, 51, 250, 0, 0, 0, 0, 0]. [13, 19, 250, 0, 9, 51]
672: [65, 52, 250, 0, 0, 0, 0, 0]. [23, 19, 250, 0, 65, 52]
673: [112, 61, 250, 0, 0, 0, 0, 0]. [18, 11, 250, 0, 112, 61]
674: [24, 52, 250, 0, 0, 0, 0, 0]. [15, 21, 250, 0, 24, 52]
675: [15, 23, 250, 0, 0, 0, 2, 0]. [24, 53, 250, 32, 15, 23]
676: [81, 59, 250, 0, 0, 0, 0, 0]. [31, 21, 250, 0, 81, 59]
677: [31, 23, 250, 0, 0, 0, 2, 0]. [81, 60, 250, 32, 31, 23]
678: [54, 34, 250, 0, 0, 0, 0, 0]. [23, 9, 250, 0, 54, 34]
679: [35, 59, 252, 0, 0, 0, 0, 0]. [9, 14, 252, 0, 35, 59]
680: [101, 16, 250, 0, 0, 0, 0, 0]. [37, 14, 250, 0, 101, 16]
681: [37, 16, 250, 0, 0, 0, 2, 0]. [101, 17, 250, 32, 37, 16]
682: [14, 60, 250, 0, 0, 0, 0, 0]. [9, 9, 250, 0, 14, 60]
683: [9, 11, 250, 0, 0, 0, 2, 0]. [14, 61, 250, 32, 9, 11]
684: [60, 61, 250, 0, 0, 0, 0, 0]. [37, 9, 250, 0, 60, 61]
685: [37, 11, 250, 0, 0, 0, 2, 0]. [60, 62, 250, 32, 37, 11]
686: [79, 26, 251, 0, 0, 0, 0, 0]. [53, 9, 251, 0, 79, 26]
687: [81, 26, 251, 0, 0, 0, 0, 0]. [55, 9, 251, 0, 81, 26]
688: [120, 23, 250, 0, 0, 0, 0, 0]. [101, 10, 250, 0, 120, 23]
689: [101, 12, 250, 0, 0, 0, 2, 0]. [120, 24, 250, 32, 101, 12]
690: [97, 49, 250, 0, 0, 0, 2, 0]. [115, 22, 250, 32, 97, 49]
691: [115, 21, 250, 0, 0, 0, 0, 0]. [97, 47, 250, 0, 115, 21]
692: [35, 50, 252, 0, 0, 0, 2, 0]. [51, 53, 252, 32, 35, 50]
693: [13, 21, 244, 0, 0, 0, 2, 0]. [9, 52, 244, 32, 13, 21]
694: [23, 21, 244, 0, 0, 0, 2, 0]. [65, 53, 244, 32, 23, 21]
695: [51, 52, 250, 0, 0, 0, 0, 0]. [35, 48, 250, 0, 51, 52]
696: [9, 16, 250, 0, 0, 0, 2, 0]. [35, 60, 250, 32, 9, 16]
697: [47, 19, 247, 0, 0, 1, 0, 0]. [10, 24, 247, 8, 47, 19]
698: [8, 14, 248, 0, 0, 1, 0, 0]. [11, 41, 248, 8, 8, 14]
699: [27, 15, 246, 0, 0, 1, 0, 0]. [11, 52, 246, 8, 27, 15]
700: [20, 32, 249, 0, 0, 0, 0, 0]. [17, 54, 249, 0, 20, 32]
701: [7, 57, 245, 0, 0, 1, 0, 0]. [30, 50, 245, 8, 7, 57]
702: [12, 7, 263, 0, 0, 0, 2, 0]. [12, 60, 7, 33, 12, 7]
703: [58, 3, 242, 0, 0, 1, 2, 0]. [28, 9, 242, 40, 58, 3]
704: [12, 59, 262, 0, 0, 0, 0, 0]. [12, 6, 6, 1, 12, 59]
705: [25, 14, 270, 0, 0, 0, 0, 0]. [3, 5, 14, 1, 25, 14]
706: [44, 53, 269, 0, 0, 0, 0, 0]. [9, 5, 13, 1, 44, 53]
707: [30, 13, 334, 0, 0, 0, 2, 0]. [44, 54, 78, 33, 30, 13]
708: [82, 49, 412, 0, 0, 0, 0, 0]. [42, 12, 156, 1, 82, 49]
709: [9, 6, 264, 0, 0, 0, 2, 0]. [44, 54, 8, 33, 9, 6]
710: [31, 28, 271, 0, 0, 1, 2, 0]. [42, 12, 15, 41, 31, 28]
711: [3, 6, 264, 0, 0, 0, 2, 0]. [25, 15, 8, 33, 3, 6]
712: [42, 11, 269, 0, 0, 0, 0, 0]. [31, 27, 13, 1, 42, 11]
713: [30, 60, 273, 0, 0, 0, 0, 0]. [3, 27, 17, 1, 30, 60]
714: [3, 28, 271, 0, 0, 0, 2, 0]. [30, 61, 15, 33, 3, 28]
715: [10, 25, 274, 0, 0, 0, 0, 0]. [25, 50, 18, 1, 10, 25]
716: [25, 51, 273, 0, 0, 0, 2, 0]. [10, 26, 17, 33, 25, 51]
717: [60, 26, 276, 0, 0, 0, 2, 0]. [6, 20, 20, 33, 60, 26]
718: [6, 19, 276, 0, 0, 0, 0, 0]. [60, 25, 20, 1, 6, 19]
719: [52, 14, 276, 0, 0, 0, 2, 0]. [59, 33, 20, 33, 52, 14]
720: [59, 32, 276, 0, 0, 0, 0, 0]. [52, 13, 20, 1, 59, 32]
721: [31, 3, 279, 0, 0, 0, 2, 0]. [21, 33, 23, 33, 31, 3]
722: [26, 53, 280, 0, 0, 0, 0, 0]. [5, 27, 24, 1, 26, 53]
723: [15, 48, 280, 0, 0, 0, 2, 0]. [4, 35, 24, 33, 15, 48]
724: [5, 44, 280, 0, 0, 0, 2, 0]. [8, 13, 24, 33, 5, 44]
725: [21, 32, 276, 0, 0, 0, 0, 0]. [31, 2, 20, 1, 21, 32]
726: [54, 52, 280, 0, 0, 0, 0, 0]. [22, 3, 24, 1, 54, 52]
727: [4, 34, 277, 0, 0, 0, 0, 0]. [15, 47, 21, 1, 4, 34]
728: [8, 12, 278, 0, 0, 0, 0, 0]. [5, 43, 22, 1, 8, 12]
729: [16, 32, 282, 0, 0, 0, 3, 0]. [9, 52, 26, 49, 16, 32]
730: [22, 31, 282, 0, 0, 0, 3, 0]. [15, 51, 26, 49, 22, 31]
731: [30, 30, 282, 0, 0, 0, 1, 0]. [24, 51, 26, 17, 30, 30]
732: [26, 24, 282, 0, 0, 0, 0, 0]. [52, 47, 26, 1, 26, 24]
733: [27, 13, 281, 0, 0, 0, 0, 0]. [53, 36, 25, 1, 27, 13]
734: [53, 37, 281, 0, 0, 0, 2, 0]. [27, 14, 25, 33, 53, 37]
735: [10, 52, 281, 0, 0, 0, 1, 0]. [17, 32, 25, 17, 10, 52]
736: [16, 51, 281, 0, 0, 0, 1, 0]. [23, 31, 25, 17, 16, 51]
737: [23, 51, 281, 0, 0, 0, 3, 0]. [29, 30, 25, 49, 23, 51]
738: [52, 48, 281, 0, 0, 0, 2, 0]. [26, 25, 25, 33, 52, 48]
739: [60, 61, 196, 0, 0, 0, 0, 0]. [26, 11, 196, 0, 60, 61]
740: [44, 52, 288, 0, 0, 1, 0, 0]. [13, 21, 32, 9, 44, 52]
741: [54, 22, 289, 0, 0, 1, 0, 0]. [18, 9, 33, 9, 54, 22]
742: [44, 13, 290, 0, 0, 1, 0, 0]. [6, 12, 34, 9, 44, 13]
743: [51, 30, 123, 0, 0, 0, 0, 0]. [28, 12, 123, 0, 51, 30]
744: [10, 49, 123, 0, 0, 0, 0, 0]. [28, 31, 123, 0, 10, 49]
745: [17, 38, 123, 0, 0, 0, 0, 0]. [37, 11, 123, 0, 17, 38]
746: [28, 54, 123, 0, 0, 0, 0, 0]. [50, 37, 123, 0, 28, 54]
747: [12, 5, 291, 0, 0, 0, 2, 0]. [40, 34, 35, 33, 12, 5]
748: [27, 24, 334, 0, 0, 0, 2, 0]. [33, 33, 78, 33, 27, 24]
749: [109, 45, 411, 0, 0, 0, 0, 0]. [36, 25, 155, 1, 109, 45]
750: [13, 23, 284, 0, 0, 0, 2, 0]. [44, 53, 28, 33, 13, 23]
751: [18, 11, 284, 0, 0, 0, 2, 0]. [54, 23, 28, 33, 18, 11]
752: [6, 14, 284, 0, 0, 0, 2, 0]. [44, 14, 28, 33, 6, 14]
753: [12, 44, 354, 0, 0, 0, 0, 0]. [18, 9, 98, 1, 12, 44]
754: [47, 9, 355, 0, 0, 0, 2, 0]. [18, 16, 99, 33, 47, 9]
755: [64, 19, 355, 0, 0, 0, 0, 0]. [6, 9, 99, 1, 64, 19]
756: [31, 9, 355, 0, 0, 0, 2, 0]. [6, 16, 99, 33, 31, 9]
757: [39, 5, 355, 0, 0, 0, 2, 0]. [12, 17, 99, 33, 39, 5]
758: [40, 32, 287, 0, 0, 0, 0, 0]. [12, 4, 31, 1, 40, 32]
759: [18, 50, 334, 0, 0, 0, 1, 0]. [90, 7, 78, 17, 18, 50]
760: [6, 48, 334, 0, 0, 0, 3, 0]. [80, 7, 78, 49, 6, 48]
761: [3, 28, 352, 0, 0, 0, 2, 0]. [85, 19, 96, 33, 3, 28]
762: [43, 39, 334, 0, 0, 0, 2, 0]. [29, 58, 78, 33, 43, 39]
763: [29, 26, 410, 0, 0, 0, 0, 0]. [29, 45, 154, 1, 29, 26]
764: [37, 53, 334, 0, 0, 0, 2, 0]. [52, 15, 78, 33, 37, 53]
765: [82, 42, 354, 0, 0, 0, 0, 0]. [52, 2, 98, 1, 82, 42]
766: [23, 49, 334, 0, 0, 0, 2, 0]. [52, 15, 78, 33, 23, 49]
767: [82, 42, 335, 0, 0, 0, 0, 0]. [52, 2, 79, 1, 82, 42]
768: [27, 53, 334, 0, 0, 0, 2, 0]. [57, 55, 78, 33, 27, 53]
769: [31, 28, 352, 0, 0, 0, 2, 0]. [52, 58, 96, 33, 31, 28]
770: [37, 46, 339, 0, 0, 0, 2, 0]. [37, 24, 83, 33, 37, 46]
771: [8, 10, 297, 0, 0, 0, 2, 0]. [13, 10, 41, 33, 8, 10]
772: [37, 12, 299, 0, 0, 1, 2, 0]. [13, 24, 43, 41, 37, 12]
773: [13, 23, 298, 0, 0, 0, 0, 0]. [37, 10, 42, 1, 13, 23]
774: [12, 43, 299, 0, 0, 0, 0, 0]. [30, 17, 43, 1, 12, 43]
775: [30, 19, 299, 0, 0, 0, 2, 0]. [12, 44, 43, 33, 30, 19]
776: [28, 47, 299, 0, 0, 0, 0, 0]. [44, 17, 43, 1, 28, 47]
777: [44, 19, 299, 0, 0, 0, 2, 0]. [28, 48, 43, 33, 44, 19]
778: [11, 57, 299, 0, 0, 0, 2, 0]. [29, 27, 43, 33, 11, 57]
779: [29, 26, 299, 0, 0, 0, 0, 0]. [11, 55, 43, 1, 29, 26]
780: [56, 12, 299, 0, 0, 0, 2, 0]. [37, 22, 43, 33, 56, 12]
781: [69, 8, 300, 0, 0, 0, 2, 0]. [56, 21, 44, 33, 69, 8]
782: [37, 21, 299, 0, 0, 0, 0, 0]. [56, 10, 43, 1, 37, 21]
783: [43, 40, 299, 0, 0, 0, 2, 0]. [45, 27, 43, 33, 43, 40]
784: [45, 26, 299, 0, 0, 0, 0, 0]. [43, 38, 43, 1, 45, 26]
785: [37, 58, 300, 0, 0, 1, 1, 0]. [17, 61, 44, 25, 37, 58]
786: [61, 44, 300, 0, 0, 0, 0, 0]. [28, 38, 44, 1, 61, 44]
787: [28, 40, 299, 0, 0, 0, 2, 0]. [61, 45, 43, 33, 28, 40]
788: [69, 16, 300, 0, 0, 0, 0, 0]. [77, 32, 44, 1, 69, 16]
789: [122, 9, 300, 0, 0, 0, 2, 0]. [100, 29, 44, 33, 122, 9]
790: [16, 60, 299, 0, 0, 1, 3, 0]. [36, 57, 43, 57, 16, 60]
791: [76, 19, 300, 0, 0, 0, 0, 0]. [43, 57, 44, 1, 76, 19]
792: [43, 59, 300, 0, 0, 0, 2, 0]. [76, 20, 44, 33, 43, 59]
793: [56, 20, 299, 0, 0, 0, 0, 0]. [69, 6, 43, 1, 56, 20]
794: [77, 34, 299, 0, 0, 0, 2, 0]. [69, 17, 43, 33, 77, 34]
795: [122, 28, 300, 0, 0, 0, 0, 0]. [79, 3, 44, 1, 122, 28]
796: [28, 40, 299, 0, 0, 0, 2, 0]. [61, 45, 43, 33, 28, 40]
797: [79, 5, 300, 0, 0, 0, 2, 0]. [122, 29, 44, 33, 79, 5]
798: [100, 28, 299, 0, 0, 0, 0, 0]. [122, 7, 43, 1, 100, 28]
799: [19, 20, 334, 0, 0, 0, 1, 0]. [15, 14, 78, 17, 19, 20]
800: [40, 45, 304, 0, 0, 0, 0, 0]. [21, 19, 48, 1, 40, 45]
801: [21, 21, 303, 0, 0, 0, 2, 0]. [40, 46, 47, 33, 21, 21]
802: [11, 33, 334, 0, 0, 0, 2, 0]. [32, 51, 78, 33, 11, 33]
803: [123, 60, 311, 0, 0, 0, 0, 0]. [16, 7, 55, 1, 123, 60]
804: [56, 51, 310, 0, 0, 1, 0, 0]. [8, 17, 54, 9, 56, 51]
805: [39, 50, 309, 0, 0, 1, 0, 0]. [6, 22, 53, 9, 39, 50]
806: [18, 57, 308, 0, 0, 1, 0, 0]. [28, 18, 52, 9, 18, 57]
807: [34, 20, 307, 0, 0, 1, 0, 0]. [21, 21, 51, 9, 34, 20]
808: [81, 21, 312, 0, 0, 1, 0, 0]. [25, 7, 56, 9, 81, 21]
809: [56, 51, 310, 0, 0, 1, 0, 0]. [8, 17, 54, 9, 56, 51]
810: [39, 50, 309, 0, 0, 1, 0, 0]. [6, 22, 53, 9, 39, 50]
811: [18, 57, 308, 0, 0, 1, 0, 0]. [28, 18, 52, 9, 18, 57]
812: [34, 20, 307, 0, 0, 1, 0, 0]. [21, 21, 51, 9, 34, 20]
813: [81, 21, 312, 0, 0, 1, 0, 0]. [25, 7, 56, 9, 81, 21]
814: [125, 23, 311, 0, 0, 0, 3, 0]. [102, 53, 55, 49, 125, 23]
815: [103, 52, 311, 0, 0, 0, 1, 0]. [126, 22, 55, 17, 103, 52]
816: [24, 54, 315, 0, 0, 0, 0, 0]. [24, 50, 59, 1, 24, 54]
817: [29, 37, 315, 0, 0, 0, 0, 0]. [29, 33, 59, 1, 29, 37]
818: [45, 51, 315, 0, 0, 0, 0, 0]. [46, 46, 59, 1, 45, 51]
819: [42, 23, 315, 0, 0, 0, 0, 0]. [43, 12, 59, 1, 42, 23]
820: [46, 22, 315, 0, 0, 0, 0, 0]. [46, 10, 59, 1, 46, 22]
821: [50, 23, 315, 0, 0, 0, 0, 0]. [49, 12, 59, 1, 50, 23]
822: [16, 51, 315, 0, 0, 0, 0, 0]. [18, 51, 59, 1, 16, 51]
823: [29, 17, 315, 0, 0, 0, 0, 0]. [29, 12, 59, 1, 29, 17]
824: [23, 12, 315, 0, 0, 0, 0, 0]. [23, 7, 59, 1, 23, 12]
825: [11, 13, 315, 0, 0, 0, 0, 0]. [13, 8, 59, 1, 11, 13]
826: [6, 12, 315, 0, 0, 0, 0, 0]. [6, 7, 59, 1, 6, 12]
827: [13, 8, 315, 0, 0, 0, 2, 0]. [73, 59, 59, 33, 13, 8]
828: [8, 6, 318, 0, 0, 0, 2, 0]. [35, 59, 62, 33, 8, 6]
829: [24, 51, 313, 0, 0, 0, 2, 0]. [24, 55, 57, 33, 24, 51]
830: [29, 34, 313, 0, 0, 0, 2, 0]. [29, 38, 57, 33, 29, 34]
831: [46, 47, 313, 0, 0, 0, 2, 0]. [45, 52, 57, 33, 46, 47]
832: [43, 13, 313, 0, 0, 0, 2, 0]. [42, 24, 57, 33, 43, 13]
833: [46, 11, 313, 0, 0, 0, 2, 0]. [46, 23, 57, 33, 46, 11]
834: [49, 13, 313, 0, 0, 0, 2, 0]. [50, 24, 57, 33, 49, 13]
835: [29, 13, 313, 0, 0, 0, 2, 0]. [29, 18, 57, 33, 29, 13]
836: [23, 8, 313, 0, 0, 0, 2, 0]. [23, 13, 57, 33, 23, 8]
837: [13, 9, 313, 0, 0, 0, 2, 0]. [11, 14, 57, 33, 13, 9]
838: [18, 52, 313, 0, 0, 0, 2, 0]. [16, 52, 57, 33, 18, 52]
839: [6, 8, 313, 0, 0, 0, 2, 0]. [6, 13, 57, 33, 6, 8]
840: [73, 58, 314, 0, 0, 0, 0, 0]. [13, 6, 58, 1, 73, 58]
841: [73, 58, 316, 0, 0, 0, 0, 0]. [47, 8, 60, 1, 73, 58]
842: [47, 10, 315, 0, 0, 0, 2, 0]. [73, 59, 59, 33, 47, 10]
843: [24, 43, 317, 0, 0, 0, 2, 0]. [11, 38, 61, 33, 24, 43]
844: [9, 50, 317, 0, 0, 0, 2, 0]. [9, 44, 61, 33, 9, 50]
845: [5, 44, 317, 0, 0, 0, 2, 0]. [3, 47, 61, 33, 5, 44]
846: [5, 44, 317, 0, 0, 0, 2, 0]. [19, 39, 61, 33, 5, 44]
847: [15, 41, 317, 0, 0, 0, 2, 0]. [12, 48, 61, 33, 15, 41]
848: [18, 59, 317, 0, 0, 0, 2, 0]. [13, 47, 61, 33, 18, 59]
849: [24, 43, 317, 0, 0, 0, 2, 0]. [14, 48, 61, 33, 24, 43]
850: [25, 58, 317, 0, 0, 0, 2, 0]. [23, 41, 61, 33, 25, 58]
851: [23, 42, 317, 0, 0, 0, 2, 0]. [25, 57, 61, 33, 23, 42]
852: [27, 47, 317, 0, 0, 0, 2, 0]. [25, 41, 61, 33, 27, 47]
853: [18, 59, 317, 0, 0, 0, 2, 0]. [22, 46, 61, 33, 18, 59]
854: [20, 54, 317, 0, 0, 0, 2, 0]. [21, 58, 61, 33, 20, 54]
855: [46, 47, 317, 0, 0, 0, 2, 0]. [8, 55, 61, 33, 46, 47]
856: [8, 56, 317, 0, 0, 0, 2, 0]. [46, 46, 61, 33, 8, 56]
857: [35, 58, 315, 0, 0, 1, 0, 0]. [8, 5, 59, 9, 35, 58]
858: [18, 12, 320, 0, 0, 0, 0, 0]. [6, 7, 64, 1, 18, 12]
859: [22, 24, 320, 0, 0, 0, 0, 0]. [24, 5, 64, 1, 22, 24]
860: [22, 24, 320, 0, 0, 0, 0, 0]. [25, 24, 64, 1, 22, 24]
861: [22, 24, 320, 0, 0, 0, 0, 0]. [25, 25, 64, 1, 22, 24]
862: [6, 8, 319, 0, 0, 0, 2, 0]. [6, 22, 63, 33, 6, 8]
863: [6, 8, 319, 0, 0, 0, 2, 0]. [18, 13, 63, 33, 6, 8]
864: [24, 25, 319, 0, 0, 0, 3, 0]. [22, 25, 63, 49, 24, 25]
865: [58, 8, 143, 0, 0, 0, 3, 0]. [1, 7, 143, 48, 58, 8]
866: [58, 8, 143, 0, 0, 0, 3, 0]. [1, 8, 143, 48, 58, 8]
867: [65, 9, 143, 0, 0, 0, 2, 0]. [26, 11, 143, 32, 65, 9]
868: [90, 8, 143, 0, 0, 0, 3, 0]. [1, 7, 143, 48, 90, 8]
869: [90, 8, 143, 0, 0, 0, 3, 0]. [1, 8, 143, 48, 90, 8]
870: [101, 8, 143, 0, 0, 0, 1, 0]. [30, 7, 143, 16, 101, 8]
871: [101, 8, 143, 0, 0, 0, 1, 0]. [30, 8, 143, 16, 101, 8]
872: [58, 56, 325, 0, 0, 1, 0, 0]. [54, 12, 69, 9, 58, 56]
873: [4, 55, 326, 0, 0, 1, 0, 0]. [23, 19, 70, 9, 4, 55]
874: [101, 23, 327, 0, 0, 1, 0, 0]. [39, 19, 71, 9, 101, 23]
875: [37, 54, 328, 0, 0, 1, 0, 0]. [7, 13, 72, 9, 37, 54]
876: [8, 26, 330, 0, 0, 0, 0, 0]. [18, 11, 74, 1, 8, 26]
877: [37, 30, 330, 0, 0, 0, 0, 0]. [44, 12, 74, 1, 37, 30]
878: [58, 56, 325, 0, 0, 1, 0, 0]. [54, 12, 69, 9, 58, 56]
879: [4, 55, 326, 0, 0, 1, 0, 0]. [23, 19, 70, 9, 4, 55]
880: [101, 23, 327, 0, 0, 1, 0, 0]. [39, 19, 71, 9, 101, 23]
881: [37, 54, 328, 0, 0, 1, 0, 0]. [7, 13, 72, 9, 37, 54]
882: [8, 26, 330, 0, 0, 0, 0, 0]. [18, 11, 74, 1, 8, 26]
883: [37, 30, 330, 0, 0, 0, 0, 0]. [44, 12, 74, 1, 37, 30]
884: [81, 59, 331, 0, 0, 0, 0, 0]. [112, 6, 75, 1, 81, 59]
885: [12, 10, 409, 0, 0, 0, 0, 0]. [109, 8, 153, 1, 12, 10]
886: [5, 59, 338, 0, 0, 0, 0, 0]. [86, 48, 82, 1, 5, 59]
887: [14, 14, 303, 0, 0, 0, 3, 0]. [18, 20, 47, 49, 14, 14]
888: [32, 50, 304, 0, 0, 0, 0, 0]. [11, 31, 48, 1, 32, 50]
889: [81, 7, 292, 0, 0, 0, 1, 0]. [7, 48, 36, 17, 81, 7]
890: [57, 54, 295, 0, 0, 0, 0, 0]. [27, 51, 39, 1, 57, 54]
891: [52, 14, 294, 0, 0, 0, 0, 0]. [23, 47, 38, 1, 52, 14]
892: [52, 14, 293, 0, 0, 0, 0, 0]. [37, 51, 37, 1, 52, 14]
893: [89, 7, 292, 0, 0, 0, 3, 0]. [17, 50, 36, 49, 89, 7]
894: [8, 29, 337, 0, 0, 0, 0, 0]. [29, 36, 81, 1, 8, 29]
895: [15, 52, 338, 0, 0, 0, 3, 0]. [39, 27, 82, 49, 15, 52]
896: [1, 7, 409, 0, 0, 0, 1, 0]. [18, 35, 153, 17, 1, 7]
897: [29, 57, 293, 0, 0, 0, 0, 0]. [43, 37, 37, 1, 29, 57]
898: [39, 57, 339, 0, 0, 0, 0, 0]. [48, 36, 83, 1, 39, 57]
899: [36, 14, 339, 0, 0, 0, 0, 0]. [52, 47, 83, 1, 36, 14]
900: [33, 31, 287, 0, 0, 0, 0, 0]. [27, 22, 31, 1, 33, 31]
901: [82, 49, 412, 0, 0, 0, 0, 0]. [30, 11, 156, 1, 82, 49]
902: [52, 4, 294, 0, 0, 0, 2, 0]. [82, 43, 38, 33, 52, 4]
903: [51, 44, 354, 0, 0, 0, 0, 0]. [77, 31, 98, 1, 51, 44]
904: [29, 38, 334, 0, 0, 0, 2, 0]. [8, 31, 78, 33, 29, 38]
905: [39, 19, 355, 0, 0, 0, 0, 0]. [8, 4, 99, 1, 39, 19]
906: [39, 19, 355, 0, 0, 0, 0, 0]. [8, 11, 99, 1, 39, 19]
907: [31, 17, 355, 0, 0, 0, 0, 0]. [2, 5, 99, 1, 31, 17]
908: [35, 17, 355, 0, 0, 0, 0, 0]. [4, 5, 99, 1, 35, 17]
909: [47, 17, 355, 0, 0, 0, 0, 0]. [14, 5, 99, 1, 47, 17]
910: [43, 17, 355, 0, 0, 0, 0, 0]. [12, 5, 99, 1, 43, 17]
911: [55, 40, 354, 0, 0, 0, 0, 0]. [5, 26, 98, 1, 55, 40]
912: [63, 40, 354, 0, 0, 0, 0, 0]. [11, 26, 98, 1, 63, 40]
913: [40, 27, 334, 0, 0, 0, 1, 0]. [16, 52, 78, 17, 40, 27]
914: [58, 33, 338, 0, 0, 0, 0, 0]. [5, 52, 82, 1, 58, 33]
915: [86, 49, 331, 0, 0, 0, 2, 0]. [5, 60, 75, 33, 86, 49]
916: [5, 54, 338, 0, 0, 0, 2, 0]. [58, 34, 82, 33, 5, 54]
917: [14, 5, 409, 0, 0, 0, 3, 0]. [53, 29, 153, 49, 14, 5]
918: [48, 38, 334, 0, 0, 0, 2, 0]. [39, 58, 78, 33, 48, 38]
919: [37, 23, 296, 0, 0, 0, 0, 0]. [37, 44, 40, 1, 37, 23]
920: [52, 49, 334, 0, 0, 0, 2, 0]. [36, 15, 78, 33, 52, 49]
921: [11, 19, 410, 0, 0, 0, 3, 0]. [30, 12, 154, 49, 11, 19]
922: [10, 47, 345, 0, 0, 1, 0, 0]. [14, 37, 89, 9, 10, 47]
923: [23, 47, 345, 0, 0, 1, 0, 0]. [20, 37, 89, 9, 23, 47]
924: [36, 44, 347, 0, 0, 1, 0, 0]. [26, 37, 91, 9, 36, 44]
925: [44, 13, 350, 0, 0, 1, 0, 0]. [40, 30, 94, 9, 44, 13]
926: [37, 24, 349, 0, 0, 0, 0, 0]. [29, 13, 93, 1, 37, 24]
927: [60, 42, 348, 0, 0, 1, 0, 0]. [16, 7, 92, 9, 60, 42]
928: [23, 23, 346, 0, 0, 1, 0, 0]. [12, 19, 90, 9, 23, 23]
929: [10, 47, 345, 0, 0, 1, 0, 0]. [14, 37, 89, 9, 10, 47]
930: [23, 47, 345, 0, 0, 1, 0, 0]. [20, 37, 89, 9, 23, 47]
931: [36, 44, 347, 0, 0, 1, 0, 0]. [26, 37, 91, 9, 36, 44]
932: [44, 13, 350, 0, 0, 1, 0, 0]. [40, 30, 94, 9, 44, 13]
933: [37, 24, 349, 0, 0, 0, 0, 0]. [29, 13, 93, 1, 37, 24]
934: [60, 42, 348, 0, 0, 1, 0, 0]. [16, 7, 92, 9, 60, 42]
935: [23, 23, 346, 0, 0, 1, 0, 0]. [12, 19, 90, 9, 23, 23]
936: [10, 47, 345, 0, 0, 1, 0, 0]. [14, 37, 89, 9, 10, 47]
937: [23, 47, 345, 0, 0, 1, 0, 0]. [20, 37, 89, 9, 23, 47]
938: [36, 44, 347, 0, 0, 1, 0, 0]. [26, 37, 91, 9, 36, 44]
939: [44, 13, 350, 0, 0, 1, 0, 0]. [40, 30, 94, 9, 44, 13]
940: [37, 24, 349, 0, 0, 0, 0, 0]. [29, 13, 93, 1, 37, 24]
941: [60, 42, 348, 0, 0, 1, 0, 0]. [16, 7, 92, 9, 60, 42]
942: [23, 23, 346, 0, 0, 1, 0, 0]. [12, 19, 90, 9, 23, 23]
943: [10, 47, 345, 0, 0, 1, 0, 0]. [14, 37, 89, 9, 10, 47]
944: [23, 47, 345, 0, 0, 1, 0, 0]. [20, 37, 89, 9, 23, 47]
945: [36, 44, 347, 0, 0, 1, 0, 0]. [26, 37, 91, 9, 36, 44]
946: [44, 13, 350, 0, 0, 1, 0, 0]. [40, 30, 94, 9, 44, 13]
947: [37, 24, 349, 0, 0, 0, 0, 0]. [29, 13, 93, 1, 37, 24]
948: [60, 42, 348, 0, 0, 1, 0, 0]. [16, 7, 92, 9, 60, 42]
949: [23, 23, 346, 0, 0, 1, 0, 0]. [12, 19, 90, 9, 23, 23]
950: [14, 39, 343, 0, 0, 0, 2, 0]. [10, 48, 87, 33, 14, 39]
951: [20, 39, 343, 0, 0, 0, 2, 0]. [23, 48, 87, 33, 20, 39]
952: [12, 21, 343, 0, 0, 0, 2, 0]. [23, 24, 87, 33, 12, 21]
953: [26, 39, 343, 0, 0, 0, 2, 0]. [36, 45, 87, 33, 26, 39]
954: [16, 9, 343, 0, 0, 0, 2, 0]. [60, 43, 87, 33, 16, 9]
955: [29, 15, 343, 0, 0, 0, 2, 0]. [37, 25, 87, 33, 29, 15]
956: [61, 20, 349, 0, 0, 0, 1, 0]. [39, 10, 93, 17, 61, 20]
957: [38, 11, 349, 0, 0, 0, 3, 0]. [60, 21, 93, 49, 38, 11]
958: [40, 32, 343, 0, 0, 0, 2, 0]. [44, 14, 87, 33, 40, 32]
959: [4, 38, 351, 0, 0, 0, 0, 0]. [4, 3, 95, 1, 4, 38]
960: [4, 5, 351, 0, 0, 0, 2, 0]. [4, 39, 95, 33, 4, 5]
961: [4, 5, 351, 0, 0, 0, 2, 0]. [5, 39, 95, 33, 4, 5]
962: [26, 36, 351, 0, 0, 0, 0, 0]. [2, 24, 95, 1, 26, 36]
963: [2, 26, 351, 0, 0, 0, 2, 0]. [26, 37, 95, 33, 2, 26]
964: [21, 9, 351, 0, 0, 0, 0, 0]. [26, 21, 95, 1, 21, 9]
965: [26, 23, 351, 0, 0, 0, 2, 0]. [21, 10, 95, 33, 26, 23]
966: [46, 27, 351, 0, 0, 0, 0, 0]. [23, 3, 95, 1, 46, 27]
967: [23, 5, 351, 0, 0, 0, 2, 0]. [46, 28, 95, 33, 23, 5]
968: [4, 55, 351, 0, 0, 0, 0, 0]. [28, 3, 95, 1, 4, 55]
969: [28, 5, 351, 0, 0, 0, 2, 0]. [4, 56, 95, 33, 28, 5]
970: [45, 10, 351, 0, 0, 0, 0, 0]. [49, 21, 95, 1, 45, 10]
971: [49, 23, 351, 0, 0, 0, 2, 0]. [45, 11, 95, 33, 49, 23]
972: [21, 54, 351, 0, 0, 0, 0, 0]. [43, 21, 95, 1, 21, 54]
973: [43, 23, 351, 0, 0, 0, 2, 0]. [21, 55, 95, 33, 43, 23]
974: [46, 54, 351, 0, 0, 0, 0, 0]. [21, 49, 95, 1, 46, 54]
975: [21, 50, 351, 0, 0, 0, 2, 0]. [46, 55, 95, 33, 21, 50]
976: [85, 18, 292, 0, 0, 0, 0, 0]. [3, 27, 36, 1, 85, 18]
977: [52, 57, 295, 0, 0, 0, 0, 0]. [31, 27, 39, 1, 52, 57]
978: [207, 90, 511, 0, 0, 0, 2, 0]. [33, 62, 255, 33, 207, 90]
979: [13, 32, 353, 0, 0, 0, 1, 0]. [41, 55, 97, 17, 13, 32]
980: [40, 55, 353, 0, 0, 0, 3, 0]. [12, 32, 97, 49, 40, 55]
981: [7, 48, 353, 0, 0, 0, 2, 0]. [14, 18, 97, 33, 7, 48]
982: [14, 17, 353, 0, 0, 0, 0, 0]. [7, 47, 97, 1, 14, 17]
983: [17, 25, 353, 0, 0, 0, 2, 0]. [8, 55, 97, 33, 17, 25]
984: [8, 54, 353, 0, 0, 0, 0, 0]. [17, 24, 97, 1, 8, 54]
985: [13, 25, 353, 0, 0, 0, 1, 0]. [40, 45, 97, 17, 13, 25]
986: [39, 45, 353, 0, 0, 0, 3, 0]. [12, 25, 97, 49, 39, 45]
987: [42, 7, 353, 0, 0, 0, 2, 0]. [23, 52, 97, 33, 42, 7]
988: [23, 51, 353, 0, 0, 0, 0, 0]. [42, 6, 97, 1, 23, 51]
989: [50, 47, 353, 0, 0, 0, 0, 0]. [55, 8, 97, 1, 50, 47]
990: [55, 9, 353, 0, 0, 0, 2, 0]. [50, 48, 97, 33, 55, 9]
991: [52, 53, 353, 0, 0, 0, 1, 0]. [60, 18, 97, 17, 52, 53]
992: [59, 18, 353, 0, 0, 0, 3, 0]. [51, 53, 97, 49, 59, 18]
993: [5, 27, 337, 0, 0, 0, 2, 0]. [55, 41, 81, 33, 5, 27]
994: [77, 32, 335, 0, 0, 0, 2, 0]. [51, 45, 79, 33, 77, 32]
995: [11, 27, 337, 0, 0, 0, 2, 0]. [63, 41, 81, 33, 11, 27]
996: [87, 32, 354, 0, 0, 0, 2, 0]. [67, 45, 98, 33, 87, 32]
997: [18, 11, 291, 0, 0, 0, 2, 0]. [12, 45, 35, 33, 18, 11]
998: [52, 4, 293, 0, 0, 0, 2, 0]. [82, 43, 37, 33, 52, 4]
999: [67, 44, 354, 0, 0, 0, 0, 0]. [87, 31, 98, 1, 67, 44]
1000: [115, 47, 411, 0, 0, 0, 0, 0]. [12, 29, 155, 1, 115, 47]
1001: [6, 11, 291, 0, 0, 0, 2, 0]. [64, 21, 35, 33, 6, 11]
1002: [6, 15, 291, 0, 0, 0, 0, 0]. [31, 8, 35, 1, 6, 15]
1003: [18, 15, 291, 0, 0, 0, 0, 0]. [47, 8, 35, 1, 18, 15]
1004: [2, 6, 337, 0, 0, 0, 2, 0]. [31, 18, 81, 33, 2, 6]
1005: [4, 6, 337, 0, 0, 0, 2, 0]. [35, 18, 81, 33, 4, 6]
1006: [14, 6, 337, 0, 0, 0, 2, 0]. [47, 18, 81, 33, 14, 6]
1007: [12, 6, 337, 0, 0, 0, 2, 0]. [43, 18, 81, 33, 12, 6]
1008: [12, 16, 291, 0, 0, 0, 0, 0]. [39, 4, 35, 1, 12, 16]
1009: [103, 48, 411, 0, 0, 0, 0, 0]. [64, 6, 155, 1, 103, 48]
1010: [7, 12, 367, 0, 0, 0, 0, 0]. [10, 10, 111, 1, 7, 12]
1011: [7, 2, 363, 0, 0, 0, 3, 0]. [7, 29, 107, 49, 7, 2]
1012: [8, 28, 360, 0, 0, 0, 1, 0]. [8, 1, 104, 17, 8, 28]
1013: [7, 12, 368, 0, 0, 0, 0, 0]. [10, 10, 112, 1, 7, 12]
1014: [7, 2, 359, 0, 0, 0, 3, 0]. [7, 29, 103, 49, 7, 2]
1015: [8, 28, 361, 0, 0, 0, 1, 0]. [8, 1, 105, 17, 8, 28]
1016: [7, 12, 369, 0, 0, 0, 0, 0]. [10, 10, 113, 1, 7, 12]
1017: [7, 2, 360, 0, 0, 0, 3, 0]. [7, 29, 104, 49, 7, 2]
1018: [8, 13, 364, 0, 0, 0, 1, 0]. [8, 1, 108, 17, 8, 13]
1019: [8, 28, 363, 0, 0, 0, 1, 0]. [8, 1, 107, 17, 8, 28]
1020: [7, 12, 370, 0, 0, 0, 0, 0]. [10, 13, 114, 1, 7, 12]
1021: [7, 12, 365, 0, 0, 0, 0, 0]. [10, 10, 109, 1, 7, 12]
1022: [7, 2, 362, 0, 0, 0, 3, 0]. [7, 29, 106, 49, 7, 2]
1023: [8, 28, 359, 0, 0, 0, 1, 0]. [8, 1, 103, 17, 8, 28]
1024: [7, 12, 366, 0, 0, 0, 0, 0]. [7, 6, 110, 1, 7, 12]
1025: [7, 2, 361, 0, 0, 0, 3, 0]. [7, 14, 105, 49, 7, 2]
1026: [10, 11, 363, 0, 0, 0, 2, 0]. [7, 13, 107, 33, 10, 11]
1027: [7, 7, 364, 0, 0, 0, 2, 0]. [7, 13, 108, 33, 7, 7]
1028: [10, 11, 359, 0, 0, 0, 2, 0]. [7, 13, 103, 33, 10, 11]
1029: [10, 11, 360, 0, 0, 0, 2, 0]. [7, 13, 104, 33, 10, 11]
1030: [10, 11, 361, 0, 0, 0, 2, 0]. [7, 13, 105, 33, 10, 11]
1031: [10, 14, 363, 0, 0, 0, 2, 0]. [7, 13, 107, 33, 10, 14]
1032: [3, 45, 375, 0, 0, 0, 1, 0]. [10, 9, 119, 17, 3, 45]
1033: [53, 61, 375, 0, 0, 0, 0, 0]. [19, 14, 119, 1, 53, 61]
1034: [48, 10, 375, 0, 0, 0, 2, 0]. [15, 40, 119, 33, 48, 10]
1035: [48, 10, 375, 0, 0, 0, 2, 0]. [16, 40, 119, 33, 48, 10]
1036: [43, 26, 375, 0, 0, 0, 1, 0]. [33, 44, 119, 17, 43, 26]
1037: [51, 46, 375, 0, 0, 0, 3, 0]. [39, 33, 119, 49, 51, 46]
1038: [45, 42, 375, 0, 0, 0, 2, 0]. [50, 16, 119, 33, 45, 42]
1039: [45, 42, 375, 0, 0, 0, 2, 0]. [51, 16, 119, 33, 45, 42]
1040: [16, 9, 375, 0, 0, 0, 2, 0]. [39, 19, 119, 33, 16, 9]
1041: [16, 9, 375, 0, 0, 0, 2, 0]. [40, 19, 119, 33, 16, 9]
1042: [59, 16, 375, 0, 0, 0, 3, 0]. [16, 23, 119, 49, 59, 16]
1043: [42, 62, 375, 0, 0, 0, 0, 0]. [25, 15, 119, 1, 42, 62]
1044: [33, 50, 375, 0, 0, 0, 1, 0]. [18, 9, 119, 17, 33, 50]
1045: [36, 42, 375, 0, 0, 0, 2, 0]. [10, 12, 119, 33, 36, 42]
1046: [16, 41, 372, 0, 0, 0, 2, 0]. [48, 9, 116, 33, 16, 41]
1047: [229, 130, 511, 0, 0, 0, 2, 0]. [55, 32, 255, 33, 229, 130]
1048: [33, 45, 372, 0, 0, 0, 1, 0]. [42, 26, 116, 17, 33, 45]
1049: [15, 23, 373, 0, 0, 0, 3, 0]. [60, 16, 117, 49, 15, 23]
1050: [24, 15, 373, 0, 0, 0, 3, 0]. [42, 63, 117, 49, 24, 15]
1051: [19, 15, 371, 0, 0, 0, 2, 0]. [53, 62, 115, 33, 19, 15]
1052: [9, 9, 371, 0, 0, 0, 3, 0]. [2, 45, 115, 49, 9, 9]
1053: [17, 9, 373, 0, 0, 0, 3, 0]. [32, 50, 117, 49, 17, 9]
1054: [11, 12, 374, 0, 0, 0, 1, 0]. [36, 41, 118, 17, 11, 12]
1055: [40, 33, 372, 0, 0, 0, 1, 0]. [52, 46, 116, 17, 40, 33]
1056: [51, 17, 372, 0, 0, 0, 2, 0]. [45, 41, 116, 33, 51, 17]
1057: [40, 20, 372, 0, 0, 0, 2, 0]. [16, 8, 116, 33, 40, 20]
1058: [33, 43, 378, 0, 0, 0, 0, 0]. [13, 18, 122, 1, 33, 43]
1059: [164, 194, 0, 0, 0, 0, 3, 0]. [5, 17, 0, 48, 164, 194]
1060: [164, 194, 0, 0, 0, 0, 3, 0]. [5, 18, 0, 48, 164, 194]
1061: [13, 20, 377, 0, 0, 0, 2, 0]. [33, 44, 121, 33, 13, 20]
1062: [52, 33, 378, 0, 0, 0, 1, 0]. [39, 40, 122, 17, 52, 33]
1063: [38, 39, 378, 0, 0, 0, 3, 0]. [51, 32, 122, 49, 38, 39]
1064: [169, 194, 511, 0, 0, 0, 3, 0]. [25, 38, 255, 49, 169, 194]
1065: [50, 43, 383, 0, 0, 1, 2, 0]. [31, 43, 127, 41, 50, 43]
1066: [31, 42, 382, 0, 0, 0, 0, 0]. [50, 42, 126, 1, 31, 42]
1067: [1, 2, 385, 0, 0, 1, 2, 0]. [53, 58, 129, 41, 1, 2]
1068: [118, 54, 383, 0, 0, 1, 0, 0]. [29, 48, 127, 9, 118, 54]
1069: [121, 22, 384, 0, 0, 0, 0, 0]. [4, 36, 128, 1, 121, 22]
1070: [4, 37, 384, 0, 0, 0, 2, 0]. [121, 23, 128, 33, 4, 37]
1071: [13, 12, 385, 0, 0, 1, 0, 0]. [26, 7, 129, 9, 13, 12]
1072: [73, 58, 386, 0, 0, 0, 0, 0]. [64, 10, 130, 1, 73, 58]
1073: [90, 58, 384, 0, 0, 0, 0, 0]. [94, 25, 128, 1, 90, 58]
1074: [94, 27, 384, 0, 0, 0, 2, 0]. [90, 59, 128, 33, 94, 27]
1075: [53, 57, 383, 0, 0, 1, 0, 0]. [1, 1, 127, 9, 53, 57]
1076: [53, 57, 383, 0, 0, 1, 0, 0]. [1, 0, 127, 9, 53, 57]
1077: [26, 8, 384, 0, 0, 1, 2, 0]. [13, 13, 128, 41, 26, 8]
1078: [64, 12, 384, 0, 0, 0, 2, 0]. [73, 59, 128, 33, 64, 12]
1079: [10, 27, 384, 0, 0, 1, 2, 0]. [8, 22, 128, 41, 10, 27]
1080: [100, 45, 397, 0, 0, 0, 0, 0]. [8, 6, 141, 1, 100, 45]
1081: [8, 7, 396, 0, 0, 0, 2, 0]. [100, 46, 140, 33, 8, 7]
1082: [35, 37, 61, 0, 0, 0, 2, 0]. [42, 4, 61, 32, 35, 37]
1083: [43, 41, 401, 0, 0, 0, 2, 0]. [43, 26, 145, 33, 43, 41]
1084: [43, 25, 401, 0, 0, 0, 0, 0]. [43, 39, 145, 1, 43, 25]
1085: [50, 38, 401, 0, 0, 0, 2, 0]. [50, 26, 145, 33, 50, 38]
1086: [50, 25, 401, 0, 0, 0, 0, 0]. [50, 36, 145, 1, 50, 25]
1087: [58, 38, 401, 0, 0, 0, 2, 0]. [58, 26, 145, 33, 58, 38]
1088: [58, 25, 401, 0, 0, 0, 0, 0]. [58, 36, 145, 1, 58, 25]
1089: [22, 43, 402, 0, 0, 0, 2, 0]. [19, 16, 146, 33, 22, 43]
1090: [19, 15, 401, 0, 0, 0, 0, 0]. [22, 42, 145, 1, 19, 15]
1091: [16, 45, 407, 0, 0, 0, 0, 0]. [15, 41, 151, 1, 16, 45]
1092: [9, 11, 407, 0, 0, 0, 2, 0]. [8, 22, 151, 33, 9, 11]
1093: [11, 11, 407, 0, 0, 0, 2, 0]. [10, 22, 151, 33, 11, 11]
1094: [19, 13, 407, 0, 0, 0, 2, 0]. [55, 12, 151, 33, 19, 13]
1095: [24, 13, 406, 0, 0, 0, 2, 0]. [15, 14, 150, 33, 24, 13]
1096: [38, 9, 406, 0, 0, 0, 2, 0]. [54, 28, 150, 33, 38, 9]
1097: [35, 51, 406, 0, 0, 0, 3, 0]. [45, 56, 150, 49, 35, 51]
1098: [25, 42, 408, 0, 0, 0, 2, 0]. [42, 20, 152, 33, 25, 42]
1099: [54, 27, 406, 0, 0, 0, 0, 0]. [38, 7, 150, 1, 54, 27]
1100: [15, 13, 406, 0, 0, 0, 0, 0]. [24, 12, 150, 1, 15, 13]
1101: [8, 21, 406, 0, 0, 0, 0, 0]. [9, 10, 150, 1, 8, 21]
1102: [10, 21, 406, 0, 0, 0, 0, 0]. [11, 10, 150, 1, 10, 21]
1103: [10, 46, 406, 0, 0, 0, 0, 0]. [15, 10, 150, 1, 10, 46]
1104: [55, 11, 406, 0, 0, 0, 0, 0]. [19, 11, 150, 1, 55, 11]
1105: [42, 19, 406, 0, 0, 0, 0, 0]. [25, 41, 150, 1, 42, 19]
1106: [46, 57, 408, 0, 0, 0, 1, 0]. [36, 52, 152, 17, 46, 57]
1107: [35, 51, 408, 0, 0, 0, 3, 0]. [45, 56, 152, 49, 35, 51]
1108: [54, 29, 338, 0, 0, 0, 1, 0]. [15, 5, 82, 17, 54, 29]
1109: [17, 35, 334, 0, 0, 0, 3, 0]. [0, 7, 78, 49, 17, 35]
1110: [109, 9, 329, 0, 0, 0, 2, 0]. [12, 15, 73, 33, 109, 9]
1111: [29, 47, 293, 0, 0, 0, 2, 0]. [29, 28, 37, 33, 29, 47]
1112: [30, 37, 410, 0, 0, 0, 2, 0]. [43, 25, 154, 33, 30, 37]
1113: [36, 38, 410, 0, 0, 0, 2, 0]. [48, 28, 154, 33, 36, 38]
1114: [43, 23, 410, 0, 0, 0, 0, 0]. [30, 36, 154, 1, 43, 23]
1115: [48, 27, 410, 0, 0, 0, 0, 0]. [36, 37, 154, 1, 48, 27]
1116: [3, 15, 410, 0, 0, 0, 2, 0]. [30, 47, 154, 33, 3, 15]
1117: [8, 11, 410, 0, 0, 0, 2, 0]. [36, 47, 154, 33, 8, 11]
1118: [30, 46, 410, 0, 0, 0, 0, 0]. [3, 14, 154, 1, 30, 46]
1119: [36, 46, 410, 0, 0, 0, 0, 0]. [8, 10, 154, 1, 36, 46]
1120: [31, 12, 339, 0, 0, 0, 1, 0]. [12, 19, 83, 17, 31, 12]
1121: [64, 7, 355, 0, 0, 0, 2, 0]. [103, 49, 99, 33, 64, 7]
1122: [36, 27, 287, 0, 0, 0, 2, 0]. [109, 46, 31, 33, 36, 27]
1123: [12, 31, 354, 0, 0, 0, 2, 0]. [115, 48, 98, 33, 12, 31]
1124: [30, 13, 334, 0, 0, 0, 0, 0]. [82, 50, 78, 1, 30, 13]
1125: [4, 10, 413, 0, 0, 0, 0, 0]. [18, 2, 157, 1, 4, 10]
1126: [48, 20, 413, 0, 0, 0, 0, 0]. [28, 2, 157, 1, 48, 20]
1127: [18, 4, 413, 0, 0, 0, 2, 0]. [4, 11, 157, 33, 18, 4]
1128: [28, 4, 413, 0, 0, 0, 2, 0]. [48, 21, 157, 33, 28, 4]
1129: [88, 46, 15, 0, 0, 0, 0, 0]. [7, 7, 2, 15, 0, 88, 46]
1130: [0, 0, 511, 0, 0, 0, 2, 0]. [0, 14, 15, 255, 33, 0, 0]
1131: [8, 9, 14, 0, 0, 0, 2, 0]. [87, 47, 2, 14, 32, 8, 9]
1132: [88, 46, 15, 0, 0, 0, 0, 0]. [7, 7, 2, 15, 0, 88, 46]
1133: [0, 0, 511, 0, 0, 0, 2, 0]. [0, 14, 15, 255, 33, 0, 0]
1134: [26, 52, 39, 0, 0, 0, 0, 0]. [35, 1, 5, 39, 0, 26, 52]
1135: [83, 36, 511, 0, 0, 0, 2, 0]. [0, 62, 43, 255, 33, 83, 36]
1136: [26, 50, 21, 0, 0, 0, 0, 0]. [34, 1, 6, 21, 0, 26, 50]
1137: [38, 2, 20, 0, 0, 0, 2, 0]. [23, 52, 6, 20, 32, 38, 2]
1138: [108, 59, 43, 0, 0, 0, 0, 0]. [30, 20, 2, 43, 0, 108, 59]
1139: [19, 39, 22, 0, 0, 0, 0, 0]. [34, 1, 4, 22, 0, 19, 39]
1140: [36, 2, 21, 0, 0, 0, 2, 0]. [16, 41, 4, 21, 32, 36, 2]
1141: [25, 31, 23, 0, 0, 0, 0, 0]. [18, 1, 4, 23, 0, 25, 31]
1142: [20, 2, 22, 0, 0, 0, 2, 0]. [23, 32, 4, 22, 32, 20, 2]
1143: [83, 36, 511, 0, 0, 0, 2, 0]. [15, 62, 28, 255, 33, 83, 36]
1144: [26, 50, 33, 0, 0, 0, 0, 0]. [35, 1, 4, 33, 0, 26, 50]
1145: [38, 2, 32, 0, 0, 0, 2, 0]. [23, 52, 6, 32, 32, 38, 2]
1146: [108, 59, 36, 0, 0, 0, 0, 0]. [30, 20, 2, 36, 0, 108, 59]
1147: [19, 39, 34, 0, 0, 0, 0, 0]. [33, 1, 5, 34, 0, 19, 39]
1148: [36, 2, 33, 0, 0, 0, 2, 0]. [16, 41, 4, 33, 32, 36, 2]
1149: [25, 30, 35, 0, 0, 0, 0, 0]. [18, 1, 4, 35, 0, 25, 30]
1150: [20, 2, 34, 0, 0, 0, 2, 0]. [23, 32, 4, 34, 32, 20, 2]
1151: [73, 60, 36, 0, 0, 0, 0, 0]. [111, 29, 2, 36, 0, 73, 60]
1152: [38, 33, 41, 0, 0, 0, 0, 0]. [30, 20, 2, 41, 0, 38, 33]
1153: [38, 2, 19, 0, 0, 0, 2, 0]. [23, 53, 6, 19, 32, 38, 2]
1154: [86, 28, 42, 0, 0, 0, 0, 0]. [41, 4, 2, 42, 0, 86, 28]
1155: [73, 60, 43, 0, 0, 0, 0, 0]. [111, 29, 2, 43, 0, 73, 60]
1156: [65, 77, 511, 0, 0, 0, 2, 0]. [0, 43, 63, 255, 33, 65, 77]
1157: [66, 76, 511, 0, 0, 0, 1, 0]. [54, 0, 175, 255, 17, 66, 76]
1158: [64, 75, 511, 0, 0, 0, 0, 0]. [0, 0, 63, 255, 1, 64, 75]
1159: [63, 76, 511, 0, 0, 0, 3, 0]. [0, 0, 175, 255, 49, 63, 76]
1160: [27, 15, 59, 0, 0, 0, 2, 0]. [101, 56, 2, 59, 32, 27, 15]
1161: [73, 94, 0, 0, 0, 0, 2, 0]. [5, 56, 18, 0, 32, 73, 94]
1162: [84, 112, 511, 0, 0, 0, 3, 0]. [0, 0, 175, 255, 49, 84, 112]
1163: [87, 112, 511, 0, 0, 0, 1, 0]. [56, 0, 175, 255, 17, 87, 112]
1164: [85, 111, 511, 0, 0, 0, 0, 0]. [0, 1, 63, 255, 1, 85, 111]
1165: [9, 2, 91, 0, 0, 0, 2, 0]. [18, 55, 2, 91, 32, 9, 2]
1166: [88, 46, 80, 0, 0, 1, 0, 0]. [8, 32, 2, 80, 8, 88, 46]
1167: [84, 112, 511, 0, 0, 0, 3, 0]. [0, 0, 175, 255, 49, 84, 112]
1168: [87, 112, 511, 0, 0, 0, 1, 0]. [56, 0, 175, 255, 17, 87, 112]
1169: [85, 111, 511, 0, 0, 0, 0, 0]. [0, 1, 63, 255, 1, 85, 111]
1170: [9, 2, 91, 0, 0, 0, 2, 0]. [18, 55, 2, 91, 32, 9, 2]
1171: [88, 46, 80, 0, 0, 1, 0, 0]. [8, 32, 2, 80, 8, 88, 46]
1172: [9, 33, 75, 0, 0, 0, 2, 0]. [87, 47, 2, 75, 32, 9, 33]
1173: [19, 54, 75, 0, 0, 1, 0, 0]. [7, 1, 2, 75, 8, 19, 54]
1174: [90, 100, 511, 0, 0, 0, 2, 0]. [0, 15, 15, 255, 33, 90, 100]
1175: [102, 101, 0, 0, 0, 0, 2, 0]. [0, 37, 27, 0, 32, 102, 101]
1176: [51, 46, 102, 0, 0, 0, 1, 0]. [12, 8, 129, 102, 16, 51, 46]
1177: [17, 58, 100, 0, 0, 0, 0, 0]. [10, 48, 1, 100, 0, 17, 58]
1178: [98, 93, 0, 0, 0, 0, 2, 0]. [5, 57, 18, 0, 32, 98, 93]
1179: [11, 8, 96, 0, 0, 0, 3, 0]. [50, 46, 129, 96, 48, 11, 8]
1180: [9, 29, 109, 0, 0, 1, 0, 0]. [10, 48, 1, 109, 8, 9, 29]
1181: [104, 65, 0, 0, 0, 1, 2, 0]. [6, 57, 17, 0, 40, 104, 65]
1182: [8, 59, 112, 0, 0, 0, 0, 0]. [30, 49, 1, 112, 0, 8, 59]
1183: [165, 36, 511, 0, 0, 0, 2, 0]. [0, 15, 15, 255, 33, 165, 36]
1184: [179, 70, 0, 0, 0, 0, 0, 0]. [16, 0, 31, 0, 0, 179, 70]
1185: [156, 85, 511, 0, 0, 0, 2, 0]. [16, 63, 31, 255, 33, 156, 85]
1186: [140, 20, 511, 0, 0, 0, 2, 0]. [0, 15, 15, 255, 33, 140, 20]
1187: [165, 36, 511, 0, 0, 0, 2, 0]. [0, 15, 15, 255, 33, 165, 36]
1188: [178, 81, 0, 0, 0, 0, 0, 0]. [0, 0, 143, 0, 0, 178, 81]
1189: [10, 5, 155, 0, 0, 0, 2, 0]. [8, 21, 14, 155, 32, 10, 5]
1190: [220, 116, 511, 0, 0, 0, 2, 0]. [0, 42, 31, 255, 33, 220, 116]
1191: [220, 116, 511, 0, 0, 0, 1, 0]. [32, 41, 130, 255, 17, 220, 116]
1192: [237, 123, 511, 0, 0, 0, 1, 0]. [32, 16, 143, 255, 17, 237, 123]
1193: [237, 136, 511, 0, 0, 0, 2, 0]. [21, 31, 11, 255, 33, 237, 136]
1194: [192, 105, 0, 0, 0, 0, 2, 0]. [0, 14, 15, 0, 32, 192, 105]
1195: [192, 105, 0, 0, 0, 0, 1, 0]. [15, 0, 143, 0, 16, 192, 105]
1196: [185, 94, 0, 0, 0, 0, 2, 0]. [3, 15, 12, 0, 32, 185, 94]
1197: [11, 11, 155, 0, 0, 0, 0, 0]. [7, 4, 1, 155, 0, 11, 11]
1198: [25, 25, 167, 0, 0, 0, 0, 0]. [8, 8, 1, 167, 0, 25, 25]
1199: [116, 61, 511, 0, 0, 0, 3, 0]. [0, 0, 191, 255, 49, 116, 61]
1200: [119, 61, 511, 0, 0, 0, 1, 0]. [31, 0, 175, 255, 17, 119, 61]
1201: [17, 2, 187, 0, 0, 0, 2, 0]. [13, 63, 2, 187, 32, 17, 2]
1202: [88, 46, 173, 0, 0, 1, 0, 0]. [23, 20, 2, 173, 8, 88, 46]
1203: [24, 21, 169, 0, 0, 0, 2, 0]. [87, 47, 2, 169, 32, 24, 21]
1204: [43, 55, 180, 0, 0, 0, 3, 0]. [8, 21, 14, 180, 48, 43, 55]
1205: [33, 10, 511, 0, 0, 0, 2, 0]. [1, 15, 14, 255, 33, 33, 10]
1206: [34, 9, 511, 0, 0, 0, 1, 0]. [15, 8, 135, 255, 17, 34, 9]
1207: [33, 9, 511, 0, 0, 0, 3, 0]. [0, 8, 135, 255, 49, 33, 9]
1208: [14, 61, 169, 0, 0, 1, 0, 0]. [16, 1, 2, 169, 8, 14, 61]
1209: [27, 41, 511, 0, 0, 0, 2, 0]. [1, 31, 30, 255, 33, 27, 41]
1210: [26, 40, 511, 0, 0, 0, 3, 0]. [0, 8, 151, 255, 49, 26, 40]
1211: [38, 46, 511, 0, 0, 0, 2, 0]. [1, 31, 30, 255, 33, 38, 46]
1212: [37, 45, 511, 0, 0, 0, 3, 0]. [0, 8, 151, 255, 49, 37, 45]
1213: [27, 132, 511, 0, 0, 0, 2, 0]. [0, 63, 31, 255, 33, 27, 132]
1214: [25, 131, 511, 0, 0, 0, 3, 0]. [0, 0, 191, 255, 49, 25, 131]
1215: [29, 131, 511, 0, 0, 0, 1, 0]. [32, 0, 191, 255, 17, 29, 131]
1216: [88, 46, 205, 0, 0, 1, 0, 0]. [23, 54, 2, 205, 8, 88, 46]
1217: [24, 55, 198, 0, 0, 0, 2, 0]. [87, 47, 2, 198, 32, 24, 55]
1218: [18, 32, 219, 0, 0, 0, 0, 0]. [38, 46, 1, 219, 0, 18, 32]
1219: [36, 14, 219, 0, 0, 0, 0, 0]. [22, 19, 2, 219, 0, 36, 14]
1220: [5, 15, 219, 0, 0, 0, 0, 0]. [25, 41, 2, 219, 0, 5, 15]
1221: [6, 54, 219, 0, 0, 0, 0, 0]. [45, 29, 2, 219, 0, 6, 54]
1222: [41, 55, 219, 0, 0, 0, 0, 0]. [54, 24, 2, 219, 0, 41, 55]
1223: [56, 49, 218, 0, 0, 0, 0, 0]. [32, 6, 1, 218, 0, 56, 49]
1224: [23, 92, 511, 0, 0, 0, 1, 0]. [63, 32, 159, 255, 17, 23, 92]
1225: [33, 10, 221, 0, 0, 0, 2, 0]. [81, 38, 2, 221, 32, 33, 10]
1226: [28, 8, 262, 0, 0, 1, 0, 0]. [57, 2, 2, 6, 9, 28, 8]
1227: [15, 29, 243, 0, 0, 1, 0, 0]. [28, 1, 2, 243, 8, 15, 29]
1228: [120, 188, 511, 0, 0, 0, 2, 0]. [30, 63, 12, 255, 33, 120, 188]
1229: [28, 8, 262, 0, 0, 1, 0, 0]. [57, 2, 2, 6, 9, 28, 8]
1230: [15, 10, 243, 0, 0, 0, 2, 0]. [22, 34, 2, 243, 32, 15, 10]
1231: [18, 13, 244, 0, 0, 0, 2, 0]. [111, 62, 2, 244, 32, 18, 13]
1232: [23, 11, 250, 0, 0, 0, 2, 0]. [53, 35, 2, 250, 32, 23, 11]
1233: [53, 11, 250, 0, 0, 0, 2, 0]. [79, 27, 2, 250, 32, 53, 11]
1234: [15, 29, 243, 0, 0, 1, 0, 0]. [28, 1, 2, 243, 8, 15, 29]
1235: [120, 188, 511, 0, 0, 0, 2, 0]. [30, 63, 12, 255, 33, 120, 188]
1236: [15, 9, 263, 0, 0, 0, 2, 0]. [15, 60, 1, 7, 33, 15, 9]
1237: [11, 61, 262, 0, 0, 0, 0, 0]. [18, 5, 1, 6, 1, 11, 61]
1238: [66, 228, 511, 0, 0, 0, 2, 0]. [4, 31, 10, 255, 33, 66, 228]
1239: [67, 226, 511, 0, 0, 0, 1, 0]. [32, 16, 129, 255, 17, 67, 226]
1240: [156, 85, 511, 0, 0, 0, 2, 0]. [16, 63, 31, 255, 33, 156, 85]
1241: [13, 12, 298, 0, 0, 1, 2, 0]. [7, 8, 2, 42, 41, 13, 12]
1242: [25, 53, 511, 0, 0, 0, 2, 0]. [1, 14, 13, 255, 33, 25, 53]
1243: [119, 151, 511, 0, 0, 0, 2, 0]. [13, 31, 18, 255, 33, 119, 151]
1244: [119, 151, 511, 0, 0, 0, 2, 0]. [13, 31, 18, 255, 33, 119, 151]
1245: [137, 203, 511, 0, 0, 0, 3, 0]. [0, 0, 157, 255, 49, 137, 203]
1246: [138, 202, 511, 0, 0, 0, 0, 0]. [0, 1, 31, 255, 1, 138, 202]
1247: [138, 202, 511, 0, 0, 0, 0, 0]. [0, 0, 31, 255, 1, 138, 202]
1248: [22, 2, 332, 0, 0, 0, 2, 0]. [43, 29, 3, 76, 33, 22, 2]
1249: [137, 203, 511, 0, 0, 0, 3, 0]. [0, 0, 157, 255, 49, 137, 203]
1250: [138, 202, 511, 0, 0, 0, 0, 0]. [0, 1, 31, 255, 1, 138, 202]
1251: [138, 202, 511, 0, 0, 0, 0, 0]. [0, 0, 31, 255, 1, 138, 202]
1252: [22, 2, 332, 0, 0, 0, 2, 0]. [43, 29, 3, 76, 33, 22, 2]
1253: [250, 127, 511, 0, 0, 0, 0, 0]. [24, 1, 8, 255, 1, 250, 127]
1254: [249, 128, 511, 0, 0, 0, 3, 0]. [0, 0, 159, 255, 49, 249, 128]
1255: [250, 129, 511, 0, 0, 0, 2, 0]. [19, 48, 6, 255, 33, 250, 129]
1256: [250, 127, 511, 0, 0, 0, 0, 0]. [24, 1, 8, 255, 1, 250, 127]
1257: [249, 128, 511, 0, 0, 0, 3, 0]. [0, 0, 159, 255, 49, 249, 128]
1258: [250, 129, 511, 0, 0, 0, 2, 0]. [19, 48, 6, 255, 33, 250, 129]
1259: [250, 127, 511, 0, 0, 0, 0, 0]. [24, 1, 8, 255, 1, 250, 127]
1260: [249, 128, 511, 0, 0, 0, 3, 0]. [0, 0, 159, 255, 49, 249, 128]
1261: [250, 129, 511, 0, 0, 0, 2, 0]. [19, 48, 6, 255, 33, 250, 129]
1262: [160, 127, 511, 0, 0, 0, 2, 0]. [0, 15, 15, 255, 33, 160, 127]
1263: [167, 194, 0, 0, 0, 0, 1, 0]. [31, 12, 130, 0, 16, 167, 194]
1264: [8, 21, 391, 0, 0, 0, 0, 0]. [9, 27, 2, 135, 1, 8, 21]
1265: [4, 2, 398, 0, 0, 0, 2, 0]. [4, 14, 11, 142, 33, 4, 2]
1266: [0, 0, 511, 0, 0, 0, 1, 0]. [16, 1, 142, 255, 17, 0, 0]
1267: [0, 0, 511, 0, 0, 0, 3, 0]. [0, 1, 142, 255, 49, 0, 0]
1268: [0, 0, 511, 0, 0, 0, 0, 0]. [0, 1, 3, 255, 1, 0, 0]
1269: [0, 0, 511, 0, 0, 0, 0, 0]. [7, 0, 2, 255, 1, 0, 0]
1270: [0, 0, 511, 0, 0, 0, 0, 0]. [12, 1, 3, 255, 1, 0, 0]
1271: [8, 12, 396, 0, 0, 0, 0, 0]. [0, 1, 7, 140, 1, 8, 12]
1272: [73, 231, 511, 0, 0, 0, 2, 0]. [4, 31, 12, 255, 33, 73, 231]
1273: [8, 12, 396, 0, 0, 0, 0, 0]. [0, 1, 7, 140, 1, 8, 12]
1274: [27, 6, 401, 0, 0, 0, 3, 0]. [33, 41, 129, 145, 49, 27, 6]
1275: [34, 41, 401, 0, 0, 0, 1, 0]. [28, 6, 129, 145, 17, 34, 41]
1276: [15, 12, 407, 0, 0, 0, 2, 0]. [9, 47, 2, 151, 33, 15, 12]
1277: [33, 30, 406, 0, 0, 0, 0, 0]. [9, 31, 2, 150, 1, 33, 30]
1278: [10, 32, 406, 0, 0, 0, 2, 0]. [33, 31, 1, 150, 33, 10, 32]
1279: [15, 42, 402, 0, 0, 0, 2, 0]. [14, 47, 4, 146, 33, 15, 42]
1280: [50, 18, 511, 0, 0, 0, 2, 0]. [22, 16, 2, 255, 33, 50, 18]
